2975.132896253018
2973.481812814952
2851.9690929849335
2844.915756669467
2841.013675852003
2824.7628615407807
2785.9124957713925
2690.336569734713
2649.3343511505127
2637.191030769408
2636.1455826184915
2635.7677669383793
2622.5475912755373
2614.6325085676162
2570.9522345913383
2570.7325217433454
2547.973476601224
2494.3574637739134
2474.7390691778355
2465.340217580159
2450.409871663859
2442.9560308336813
2440.799119569488
2434.714039802849
2432.2964454439416
2420.0829556522144
2403.6905528004495
2389.0682373968066
2386.44964057006
2385.454932310439
2383.8111279200434
2381.0938580027055
2375.7887374242187
2362.1801327959156
2358.1483941836927
2350.023979436833
2330.4968298923163
2322.462957461206
2302.834314802273
2300.8202655420782
2300.0621917252097
2295.6843912617433
2294.624641486494
2283.6989070779077
2282.900207215846
2267.9744278136395
2266.1575763237597
2260.3359123017767
2255.3946113439247
2254.956792580934
2251.3635729798293
2250.997208227528
2250.5761575322867
2245.3919618275295
2243.4760120464816
2239.075014689986
2237.1624551138816
2236.506477328626
2235.2049780037432
2229.7835552851134
2229.687296367732
2227.337492545884
2225.9429714344515
2225.189819257416
2222.6685348650003
2221.2851746240353
2219.765984804104
2219.17633935705
2217.507809499249
2212.7054355645914
2212.3993579643457
2209.336705840965
2206.6304275893795
2206.5801499965837
2204.7622720525005
2204.4916495972566
2203.1012138710003
2202.059475467837
2192.813688577508
2192.3332457140004
2181.8076568443817
2179.810305792168
2179.6099893093055
2177.4357845612153
2172.1294711287933
2168.0287287633464
2167.3638857080314
2158.251205458169
2158.090938016715
2157.694980746799
2151.2635357685294
2149.0343947916353
2147.8591541421433
2147.448641954205
2147.3823973290027
2146.0388769052834
2142.6114856601644
2139.242797425388
2138.6646522513242
2137.5191304320088
2136.878953479659
2133.7181669975807
2133.668185058582
2132.4117713288992
2130.861842243962
2125.22040257575
2123.8064676096305
2115.7005580720365
2114.2761103135567
2111.740275429884
2110.197037140667
2109.976841031599
2109.2789549509034
2108.4200331865623
2103.8341099282397
2100.3802336200943
2087.368401389006
2080.881039772088
2078.991086069305
2076.539550706693
2068.7678122373777
2068.1086588556072
2066.3475757037277
2065.760382974455
2060.7432350861463
2060.660290208937
2060.5355437389458
2050.7977813637367
2049.1762085182127
2045.1596561286626
2044.200453961491
2042.130941034893
2041.8277550550224
2039.3627846420372
2030.853681776549
2030.0285462324705
2029.3660180059646
2028.3940442779588
2026.9659422353689
2025.354522237813
2023.1998060961052
2023.1046541048681
2020.9345016885413
2020.1437975333629
2013.3159911359517
2012.1432031624004
2010.4157308303415
2004.9247656232592
2003.0799183028385
2001.2775829942411
1999.175523368434
1998.3009674227008
1996.8151665172966
1995.627642135217
1994.3614661255378
1992.1800274804586
1990.691044576154
1990.2994570167634
1988.005890604606
1986.9339111110785
1986.524006802335
1979.619160481188
1976.3872002024082
1975.376752518302
1974.8932447173263
1973.7697050114887
1972.374554952603
1972.2415864048526
1971.1837897907599
1969.5437014027411
1968.1894428047215
1961.0263127020517
1960.2509612764181
1957.836924794717
1954.1871186962223
1953.3225418027853
1953.0556239022656
1952.8257248306513
1952.4483559016599
1951.7664014601874
1947.0053947997499
1946.1564364033468
1945.0675967731438
1943.342535245725
1940.0626966458613
1937.6791331855031
1936.4876180670651
1935.687457931526
1931.6486023094162
1930.818445773775
1929.4899195271503
1928.9083740920155
1928.7859945815821
1928.1220597296215
1928.1188608170978
1926.9492481117527
1923.7978078681747
1921.8646209831802
1921.8250721464185
1921.7943933493912
1917.1064382405034
1916.484530481106
1913.8948047971658
1912.4640159350176
1912.3130064175075
1911.5306919542418
1909.7158762978893
1907.832345920773
1905.9726398553667
1903.7361585335705
1901.0326135765963
1895.8250077317844
1888.4533550474898
1884.8904218489538
1880.516857487383
1880.4174215023254
1879.1622238459468
1874.8653202054925
1868.3102209616768
1867.4805304480108
1866.6633524073693
1862.3733475926304
1860.9205975796867
1860.7371561443315
1860.0422424800354
1859.4752209852154
1858.4200253314357
1855.8998758220755
1853.9039150644178
1850.074092986606
1848.92065182662
1843.4085486756949
1843.1147108541884
1842.7745475617774
1841.7959487089693
1838.6726080216745
1838.5293022651592
1837.8374622631948
1837.2577098518377
1835.1317017569447
1832.168051806157
1831.5865226374406
1830.5720767094572
1829.646458382736
1829.0307172262005
1828.9393429122856
1827.9485661062456
1825.389378408083
1824.7457861388411
1823.4698404481055
1823.2640399182026
1817.8344694783484
1817.5530094051594
1815.6155487473118
1814.7965442531824
1813.071670379057
1812.322369858317
1810.5281931929374
1809.655865302001
1808.035489112645
1806.0872698942724
1802.3744881269147
1801.9196951730155
1797.7163971911802
1797.36732508701
1796.599558524455
1795.96834087394
1794.1110832075058
1790.1539799839563
1789.3438943940387
1788.9601312066657
1788.6253798819969
1787.6433583414205
1787.159550264643
1785.7429658855376
1784.99537369586
1783.6719985514044
1777.1801361248179
1774.5031781375696
1773.2942044885624
1772.3494598238276
1771.7631347232252
1769.1010512405433
1767.2605529672405
1765.4502878172896
1765.3467923971023
1762.0102698157061
1761.0630445717934
1760.3999964043937
1757.0050221574666
1756.2366399012355
1755.9479987261225
1754.8983084775812
1753.1535562828385
1753.013797334312
1752.9671351604036
1752.5795573708656
1752.251193028354
1752.1313595777895
1751.2744675879737
1746.940295083156
1745.833845126902
1741.9327509580285
1740.627288993972
1739.1178255857687
1738.697198459441
1738.6666610995821
1737.603953106093
1737.5755806845968
1736.4453811080398
1730.4854407882467
1726.2601955739221
1725.4835097826037
1724.7964790447693
1724.7781892863734
1724.3645798669238
1724.2944087402448
1723.04766119431
1722.9416483342643
1718.8429775271
1717.728363814582
1715.1965970232752
1714.6832486647932
1713.7857254761257
1712.4008118871286
1711.7256265079016
1711.1923405572961
1711.0720189763763
1710.977147860875
1709.9928469101699
1709.1776204520343
1706.0503528627296
1705.90368022624
1705.2204828895217
1704.8966398258233
1703.8938175188948
1703.6725692438108
1703.393143586659
1703.2175708615116
1702.0076520198406
1701.6973739731425
1701.0673702776267
1700.8570896762617
1700.7352399150222
1696.9454117651107
1695.577309048097
1694.9488179138314
1692.4978254271662
1692.1760117042038
1691.4895654744053
1690.1826123958374
1690.0605331492675
1689.3386621959187
1688.9071141112747
1686.44365317189
1685.9583333428377
1685.7406125722878
1684.5048521591839
1684.0757293673528
1684.0412613888948
1682.7434497478228
1681.370183936469
1679.471359174047
1677.3505731874134
1675.0475059145901
1671.4422468984937
1671.3227846017248
1670.757379557692
1669.8095282201211
1669.7724175036074
1669.089348862126
1668.838608123747
1668.46603456693
1668.2817945902286
1668.2515097345383
1667.9201681673646
1667.3829265180502
1666.2015869724
1663.748738726631
1663.384196581135
1662.700179624137
1661.9533855458692
1661.8103443180885
1659.4791529788201
1658.7374858584399
1658.1030425197239
1657.6693836565255
1657.6586796996048
1657.3371406878143
1655.5879606278847
1655.4942844455593
1654.7515195217538
1654.3933433350373
1654.174765583018
1653.7506841951501
1651.301095091915
1651.0645716885833
1650.546615941247
1650.3355628260585
1649.5665321861845
1649.4047479035444
1649.3670414950093
1649.2996579747794
1648.277028588782
1646.8147378901613
1646.0713440842082
1645.5923125605636
1645.4497867556681
1643.7133871783208
1642.875598341405
1642.7790846011592
1642.4546001367862
1641.340034148444
1640.3392905318583
1639.4277223676286
1639.409303670415
1638.9416444742767
1638.8735730936648
1638.7872498117895
1638.7068367565705
1637.654916167743
1637.0661928355105
1636.7602155149018
1636.6397593595493
1636.2771865455309
1634.9702605840555
1634.7283269536379
1634.3086411312777
1633.2736945362021
1631.0815188040547
1629.6913573526426
1628.6299317801427
1627.7804076462194
1627.5694811742217
1627.1486923779448
1626.5659831496685
1624.1438048809046
1621.8003674108136
1620.7041101696466
1620.3607109850295
1619.0165280184617
1618.0853268436922
1618.0075135728778
1617.4138924091749
1616.4621736463803
1616.2267636329566
1616.200257961989
1615.6443102242097
1614.5299876592103
1613.8110744723404
1613.4553346966568
1613.2376036280448
1612.513842295532
1611.8413717620024
1611.57101177894
1610.219189466007
1609.012418742698
1608.0896547765278
1608.0762123449765
1607.9213298341795
1607.5325859132765
1606.1077714698065
1604.345537203083
1604.1638268718905
1603.738047140768
1603.3105201677558
1603.0941930586825
1602.181727889037
1601.7208406199697
1600.5313124921054
1599.667324942208
1599.5337263548654
1598.8252576611135
1598.0944838940873
1597.6924603479622
1597.6191268092834
1597.5211098817886
1597.2489293181702
1596.8745166508916
1595.576031825071
1594.317282336254
1593.6153387857485
1593.5285904325742
1593.3369776561665
1592.3306687471936
1592.2744546343786
1592.0725633561754
1591.178553865789
1589.7619474640085
1589.5344889632906
1588.9529630069708
1588.092318013363
1587.9429788240252
1587.801329758779
1586.0491624767178
1586.0242805875025
1584.9416806516444
1584.7891499471964
1581.7595580064838
1581.738767437388
1581.415174619343
1581.3520194505304
1579.5653130022665
1577.741470285019
1577.073726088732
1576.9338469242666
1576.1378839490408
1576.1145112738018
1575.8928057235178
1575.0403492594355
1574.4510277268469
1573.719881440255
1573.597800527075
1573.5761022852835
1572.8403612399327
1572.7871170165924
1572.7196791709653
1572.716066111589
1571.1562039073876
1570.9648171002198
1569.8019852049085
1569.7915853908664
1569.5591356363348
1569.4294508297664
1568.933606079661
1567.5487661604707
1567.0668789769609
1567.0581795524022
1566.4249913976305
1564.5299806822313
1564.4898897766388
1563.617363643168
1562.9375470373063
1561.6836716405123
1559.704845494177
1558.706516197223
1558.0981021518633
1557.8595657129006
1556.9099156029122
1555.797117039019
1555.0383722240665
1554.574885092265
1553.4273400175307
1553.241345150153
1552.081132671956
1551.7379335813705
1551.2610156763787
1550.474788604635
1550.3535107583825
1547.9275825272648
1546.7879725354028
1546.6090115687
1546.5801629506163
1546.2885221423974
1545.6769204736484
1544.7450627690312
1544.6339211737338
1541.5861158260939
1541.5709216635971
1541.261590104169
1541.2249925940444
1539.957045858236
1539.4106380524831
1538.9546242426536
1538.6311533429737
1537.984477889037
1537.9603587633633
1537.4534182973675
1536.4598816924004
1535.7511616030524
1535.065125282429
1534.1509659642388
1533.7238842390605
1533.6753124374084
1533.2906161929625
1532.4814709568745
1532.037589057056
1531.858887813823
1531.4998487576122
1531.2173610881116
1530.815880080658
1530.6568229424186
1529.4081831606857
1528.643668509828
1527.5589247499845
1527.2446742802877
1527.2366189120241
1526.4976221683526
1526.2153014339879
1526.0193538659332
1525.5230186222698
1525.3233208087734
1525.1303646975725
1524.3989464438553
1524.2821112262861
1522.7768694059155
1522.2152601642308
1521.404141960497
1520.591072843888
1520.063099736059
1519.6137269705048
1519.0969986785503
1519.0277547009073
1517.4750642945705
1514.4305013072521
1513.8378734943633
1512.77183296963
1511.4083426157429
1508.6306720492169
1508.0101103703942
1507.1596712261446
1507.0694879695031
1506.873458481352
1504.9967418634367
1504.5139622614165
1504.3994895604985
1503.8475981344295
1502.0803170235883
1501.7720005779504
1501.3066159601997
1500.1817930310556
1499.6149447909143
1498.69621032094
1498.0460441097612
1494.3460654990665
1493.8667041016454
1492.8545908025624
1492.7699271250042
1492.361217631466
1491.978392705942
1491.6505058885625
1491.5137785385723
1491.2586743926602
1491.144576808564
1490.3671581433605
1489.9020872654394
1489.4458193674923
1489.3269434935703
1489.3004255517542
1489.164271174141
1489.0947440901984
1489.0699693298964
1487.9879734258557
1486.87447933642
1485.7726115967191
1484.2040130581772
1484.155643811207
1483.827545921472
1483.7959246039106
1483.6578035391824
1483.648320939996
1480.047403267128
1479.7372456301773
1478.7953650659463
1478.563907606227
1478.4122477662816
1477.9154452220027
1476.4316986212452
1475.3845548645716
1475.2372575326183
1472.2571975717583
1472.209395842323
1472.1727185884924
1472.0529266403184
1471.2280081642969
1471.065923418353
1470.5361327960616
1469.9772069605026
1469.8199242599899
1467.1940768956883
1466.6544006754623
1466.4127952008378
1465.8471671476264
1465.0871716739955
1464.8499629546063
1464.141680996976
1463.6627180886892
1463.4520321410519
1463.0166522825502
1462.7897153915053
1462.489487089552
1462.407643047843
1462.2707420591084
1461.629496638792
1461.4608621233501
1459.3986556158688
1459.3244849362795
1458.5390189239354
1457.5119454775831
1457.1815389952653
1456.5557784194618
1456.3083364928946
1456.307838987424
1456.170721650941
1456.1255064995676
1456.110981768724
1455.2885454160592
1455.0586488832728
1453.0910403264038
1452.6533786611542
1451.575903261827
1450.8734608785608
1450.2708956048648
1448.6957046759737
1448.067441899512
1446.6403384622881
1445.218471072121
1443.121933554853
1441.6277957534546
1441.5184128108579
1441.3647454770735
1441.0790793952785
1440.1523074242307
1440.1307399254874
1438.9165896027343
1438.7611919062163
1438.0951360575484
1438.011726814643
1437.861073302144
1436.3187244824753
1436.081525987054
1435.9001939827278
1435.7143995981542
1435.5656625081594
1435.104981659761
1435.0552003927178
1434.211820938804
1433.1460503810943
1432.4029745790938
1431.6934552274627
1431.2203700501898
1431.102416622367
1430.3872512020916
1430.3420857448023
1429.8697805541444
1428.915274743834
1428.7111409670736
1427.6812732427895
1427.5051223190571
1427.1390106009708
1426.626383337803
1426.4896779397511
1426.2761323481595
1426.1344598035728
1425.4350821640521
1424.5046261754635
1422.8952517010628
1421.7190844938916
1421.321634423714
1421.1555305887082
1421.015143372089
1420.7040578673984
1420.6486802643747
1420.5199102584188
1420.016810383304
1418.8826040756855
1418.7439942852134
1416.8993019248976
1416.7947054105975
1416.5927163606714
1414.0492892513803
1413.833554491927
1413.4527609342738
1413.2834381935993
1413.123755823001
1412.811063303022
1411.9979456308338
1411.9880479848023
1411.4851542614028
1411.434036601124
1411.1185656240787
1411.009604949895
1410.9623089138822
1410.383684057466
1409.1247986970916
1409.0498262903486
1408.0199725105706
1407.3554955845136
1407.2414535647351
1406.9289606568275
1406.1074727847074
1405.7833222257123
1405.3313172472954
1405.1351119857086
1404.9660681959506
1404.8687740451835
1403.8064053846101
1403.5930968087664
1401.2175033789604
1400.0711650404944
1399.260152399996
1399.0717457743153
1398.9930749519956
1398.1939795807891
1397.9249858023488
1397.4299337417979
1397.335712168238
1397.2922297567245
1397.1815997304525
1396.910147266568
1396.6223761461074
1396.4613378762754
1393.3195214032648
1393.2052389766218
1393.0485119284585
1392.9320315711464
1392.692413390928
1392.403768943639
1392.1501858636732
1391.8820632320815
1391.164334779043
1389.6670890165904
1388.9437785253485
1388.8565163780631
1388.3952487051013
1388.043093912334
1387.8728977823462
1387.8367204507574
1387.7843084677388
1387.5476437377615
1387.546213737528
1387.5437477440341
1386.7151906016784
1386.6871845493613
1385.2890862646595
1385.1966902377428
1384.917516022461
1384.5325557110955
1384.2729805868644
1383.6692303920443
1382.8705184995697
1382.5603364469478
1382.2092918503258
1381.2267196284422
1380.4018973378968
1380.2300918881433
1380.214318007258
1379.8959513122145
1378.7571381782307
1378.4164248404004
1378.2022388678965
1377.6446048331213
1377.4709221996266
1377.39244515281
1377.0327309547886
1376.9078092141217
1376.8181313262087
1376.6633545483783
1376.503328343458
1376.1495999817917
1376.013654226373
1375.9229971289967
1375.687577822551
1375.6833040949377
1374.601112959389
1372.9621342384196
1372.1015711219388
1371.6914089114239
1370.8403188655136
1369.7763733486402
1369.060859396747
1367.4513547005674
1365.6458638188703
1365.4486564154004
1364.980248554659
1364.5918717899392
1363.8303594608278
1362.792986213798
1362.102702723746
1362.1021639142814
1361.7562120445036
1361.7390292611467
1361.555347424376
1361.4538555818567
1360.4702478974273
1360.3303785645212
1360.2724236315412
1360.1218214829603
1359.231752970546
1358.8733683874016
1358.3038515617638
1357.2527560131812
1356.6214880375596
1356.5317203455393
1356.383332959363
1356.0635604331678
1356.0485182051614
1354.5677630198365
1354.1558189527977
1353.558834287537
1353.556732798803
1353.063082711408
1352.831385254327
1351.5593407376996
1350.4002636406094
1350.248867795258
1349.7851680388526
1348.9946170379517
1348.4226808098763
1347.7791315676066
1347.6580128553612
1346.906040969055
1346.6746718306513
1346.4376105266842
1346.0226125564172
1345.833673037006
1345.3500246141748
1345.251348801276
1344.6002112632602
1344.231813243863
1343.7584389492038
1342.480072246428
1342.0456897275064
1341.9091239529894
1341.8114817929884
1340.8274344945753
1340.742980919784
1340.679488142494
1339.8032552514985
1339.7291705661928
1338.6365329272132
1338.522996364907
1337.6924199196037
1337.264069570971
1337.1979741269402
1336.489161118435
1336.4051249458637
1335.474220502269
1335.3906059888864
1334.7888530295536
1334.2992202846553
1334.2572472616916
1334.1047777570457
1332.753070767149
1332.0349634430897
1331.67082049423
1331.3811130973513
1330.4603698514168
1329.5298710832892
1329.135673523844
1328.997545867215
1328.3440042356292
1328.3076968750006
1328.28514853473
1327.2558922650423
1327.061798916696
1326.870773716451
1326.7274366147265
1325.7365326602294
1324.4816548479712
1324.0984017337692
1323.993213053123
1323.749501082007
1323.3411288549112
1323.058981214952
1323.0347227409459
1322.7107917545775
1322.2345957308587
1321.9275993187348
1321.8283726722943
1321.2405328474783
1321.2303147581404
1320.2661585101362
1319.3544598123492
1319.1334014529539
1318.2764418685515
1317.4520433520515
1316.7369234761154
1315.9863726178653
1315.2286672865591
1314.992879975659
1313.8576024254253
1313.3232826618294
1313.3113768285411
1313.0794704363798
1312.958758269332
1312.762428340346
1312.739788990835
1312.2776565898648
1311.7527362169858
1311.6499909252584
1311.2252064091836
1309.6880255672536
1308.6813948516374
1308.5679026902571
1307.7306074329615
1307.2914539685303
1307.2741851672347
1306.9441674597945
1306.713468342352
1305.8268732579418
1305.2745238049847
1303.6138105382365
1303.4762462738463
1302.277062055283
1301.818550406005
1301.6319702162282
1301.6314608071195
1300.9284154961679
1300.4271861432624
1299.2384705504662
1298.4291485296021
1298.3281365451917
1297.8657718389397
1297.5414620003753
1297.357812901166
1296.2752226431307
1295.9308480906557
1295.7925917994824
1294.642737672303
1293.8329261472074
1293.231505349961
1292.8499281743325
1292.548381641507
1292.2591540919593
1291.811377019739
1291.7406989704134
1290.2028681049012
1289.8708941814127
1289.6079038323765
1289.2754924360863
1288.4057037459988
1288.277397859113
1286.6352307319953
1286.5833037982943
1285.9956065780877
1285.8189407100201
1285.6152029660736
1285.1037687424512
1284.6343277716492
1284.2670417768156
1284.213633186407
1283.7553450455248
1283.6472846941274
1283.614304586953
1283.4581370696308
1281.1728614124263
1280.340852390393
1279.9641602009192
1279.8957872469257
1279.7670574729163
1279.436111550358
1278.7317018732926
1277.9084557536928
1277.0451499840751
1276.9120829499905
1276.8622625239034
1276.295842472103
1275.963856381287
1275.7382223988025
1274.896516981443
1274.7603825536046
1274.3089935819512
1273.1023555745255
1272.7851888504583
1272.4183890671145
1271.2345959515708
1270.9137628071408
1270.2223951855917
1270.1997923809693
1270.1497944819841
1268.972709820338
1268.7544185008833
1267.3482926708673
1267.276452003323
1267.1392515551754
1265.9372603408503
1264.043223448678
1263.6749851378372
1262.8606672720618
1262.5463916852368
1262.0912386384973
1261.9396288949329
1261.4171771269168
1260.732843997545
1259.9557822844433
1258.986206228534
1258.3621067478823
1258.1538777108317
1257.8597014943018
1257.7253931652906
1257.1554886688161
1256.8048535815717
1256.5909992575232
1255.8656804931156
1255.4981966664957
1255.1170556540094
1255.1048387091564
1254.1745596764945
1252.587303751961
1252.0020047596877
1250.943579345551
1250.8412776177288
1249.9524847973523
1249.802582603481
1249.1693447428718
1249.150527621324
1248.87379149621
1248.1401057037274
1247.0452168699185
1246.3776029604119
1245.994770534637
1245.915732652949
1244.6479397984763
1243.895035053593
1243.556022349806
1243.387694726026
1243.1865275592866
1241.1364253412473
1240.5674006790923
1239.4348472849001
1238.4156194130796
1238.3712251851412
1238.31399668225
1237.5554901984199
1237.4655020094378
1236.8203909776678
1236.2049333105158
1235.8602311010325
1235.6532980148675
1235.6518664364762
1234.8543835947698
1234.5800948828173
1234.0654517464943
1233.7061755859545
1233.6798744445446
1233.6123732050894
1233.5829710186592
1232.336357987301
1232.2023444909921
1231.5610547089075
1231.4398583399175
1231.3618918243742
1231.2621791480192
1230.745006018158
1230.4244696101864
1229.8576646195645
1229.1236508845623
1228.6229310590345
1228.5941227202873
1228.2679930200945
1227.1167754046985
1226.9222609210283
1226.4574776710358
1224.9192631820054
1224.852432705861
1224.7916542905418
1223.9671860113187
1223.956102719426
1223.7379490661212
1223.6240868258863
1223.3922143356433
1223.3898881157527
1223.0231862805274
1222.5984021241677
1222.4321844582273
1222.2466875186715
1222.024274627044
1221.7875296305074
1220.9559954239432
1220.9072220222395
1220.6301868377736
1219.8735028527192
1219.8193127155785
1219.5575575967785
1218.1065359433921
1217.8595966324203
1217.6410178909673
1217.5285699241363
1216.537147212741
1216.0172135662158
1214.3494923325181
1213.4468306359877
1212.8131301102333
1212.4753618214042
1212.0027636076843
1211.4383106998905
1210.3960995948996
1210.1660511131595
1209.9812427752872
1209.7151941215386
1209.6597905678318
1209.5353723979858
1209.4660776329404
1208.7110095845032
1208.352611497995
1207.9234846770826
1207.2409962510137
1207.0986616910907
1207.015928960983
1205.105821247065
1204.5293835745358
1204.4941277963658
1204.3529355746784
1204.1265276725153
1203.759353701433
1203.5227330700227
1203.334221084669
1202.6369907130186
1202.1511349757657
1201.928662962396
1201.4487513716263
1201.2600327118826
1200.9518363428565
1200.8199527338754
1200.6314959447304
1200.168873676711
1199.6270815234884
1199.4011417145996
1199.105774738258
1198.85954944644
1197.0493819691446
1197.0469291445554
1195.9698322543777
1194.268811495875
1193.4487695987486
1193.006830670986
1191.735819369739
1190.6903952515602
1190.672833058725
1190.5958698110178
1190.5296504743073
1190.5178103578767
1189.8637449563887
1189.0117578297327
1187.56444958126
1187.55133103765
1187.3550317809809
1186.9838288749193
1185.5368571302058
1185.4725248713755
1185.2504872897375
1185.157440606568
1184.623554835269
1184.4622245046119
1184.258337154997
1184.0059096409036
1183.499414908788
1182.6929209946582
1182.464426686875
1182.1357176868567
1182.120516088837
1181.4130052441506
1181.2093390295336
1181.2007045564155
1180.7194568817845
1180.3348681412194
1178.4044409535013
1178.3057512126568
1178.2004550922188
1178.1446249356813
1177.4967799931808
1177.4586784631406
1177.1221885055863
1175.3543547254842
1175.1594953599345
1173.046611369579
1172.8770879666388
1172.7594445988004
1172.6446872601282
1171.9653833098848
1171.6746095306892
1170.793825952965
1170.2376575670937
1170.0735855281496
1169.732980078239
1169.5906909687753
1169.4805574167228
1169.4757749691187
1169.348345537567
1169.2480892738563
1169.2200239348106
1168.3667582965463
1168.2943060415594
1167.7640194716876
1167.6277282566753
1167.5714295054838
1167.4095080215602
1166.6119096878983
1165.3052141978467
1164.8793649397062
1164.8579991297072
1163.799049123207
1163.5569788890582
1163.2433344236902
1163.0072018810786
1162.9254792395125
1162.5545231177273
1161.923618049228
1161.8423293778728
1161.220726494087
1161.0842829906135
1160.8049661169075
1159.8282035953498
1159.8200385933953
1159.6389863391703
1159.4579529326106
1159.2408517305992
1158.5812267148265
1158.1929610272357
1157.6234721273047
1157.596585024912
1157.1957212690413
1157.1007121614568
1157.0390011053805
1156.1529299722488
1155.7081980485057
1155.4241558511335
1154.5063881977076
1153.765226860673
1153.6810729855683
1153.6373934681726
1153.3484427398307
1152.6229742567152
1152.4398733446037
1151.9029074401317
1151.8905780716475
1151.0082554477617
1150.383964874895
1149.5575766687953
1149.210752791392
1149.1719130874314
1149.0164277002732
1148.5871506252495
1147.6534986236618
1147.2986316966892
1147.2969581697419
1147.1566458678703
1146.618972214624
1146.4030228770428
1146.37057200516
1146.236139169585
1145.5608034917555
1145.1606687779756
1145.1436209249603
1145.0532896351017
1144.607887479668
1144.4767534805865
1144.1413351222072
1144.0075068081542
1143.758583257877
1143.365649495224
1142.5822754132128
1142.45723568968
1141.6322623229012
1141.178160755661
1141.0741010451284
1140.3186944427987
1140.3163507692968
1139.93682127014
1139.2818494483295
1138.6806366568578
1138.6635893516038
1138.626919299159
1137.9563187907206
1137.776352440142
1136.8982829322752
1136.335771104238
1135.6783049989212
1134.9049861728681
1134.572257307864
1134.5616379712578
1134.3502821228353
1134.2275433270454
1134.117785364917
1134.0097682530807
1133.4461221136135
1133.2105131515873
1132.4459343396188
1131.5933286292016
1131.4161819693556
1131.3721504307534
1129.579328789997
1129.3177142165757
1128.7514132505858
1128.1673731481328
1127.7223738980763
1127.5460481317696
1126.9111255656815
1125.677370731254
1125.3141932632393
1125.214481139117
1125.1003332258492
1124.45419041053
1124.384462529204
1122.9975187137659
1122.7837755680941
1122.5760562126911
1122.4464803182168
1121.2098411257373
1121.2009274448221
1121.165604759594
1121.126938185801
1121.063871594199
1120.636483745447
1120.5416113535262
1120.4758597533746
1120.0177503412124
1119.9761716166995
1119.8982060172718
1119.6732807686146
1119.607292296742
1119.353631077536
1118.8959547490142
1117.8749298716677
1117.8143219165304
1117.1523377372223
1117.1430788659827
1116.928793512496
1115.4808335055848
1115.0266663053408
1113.9605240953515
1113.7728711239806
1113.599966480887
1112.5506087347687
1112.3128370388695
1111.6698579532133
1111.4174461945254
1111.246358409149
1110.6484848002258
1109.92001003482
1109.7940978621186
1109.7362656776133
1109.6556056548566
1109.3220946202314
1109.2708799200823
1108.689483789808
1106.7363911723246
1106.3051086341757
1106.2898377969382
1105.2727064191283
1104.900751651734
1104.6799512863274
1104.1711225311235
1104.0186150574987
1103.8841326871668
1103.8815365836622
1103.4746616455398
1102.0648669247178
1101.82191516392
1101.4195508783348
1100.6330047040437
1099.7937280220458
1099.7783317036512
1098.5710697407874
1098.0178533988076
1097.8082905963552
1097.0500078003724
1096.5419785611273
1096.0507895001986
1095.9587081437417
1094.6207371307835
1093.7812083233766
1093.5284034916676
1093.2305729379675
1092.5092061528821
1092.3204427491298
1091.793630446649
1091.5986226589737
1091.4327970080387
1091.1429526928305
1090.9476906486182
1090.658472373953
1090.232070027913
1090.113247647095
1090.016570508613
1089.8153213117478
1089.6963568825302
1089.5725579905532
1089.1036453019735
1088.7401720439836
1088.3026894704758
1088.1696703017121
1087.989901013398
1087.8179054350514
1087.4375427040152
1087.1325459900772
1086.7334403817163
1086.184025746928
1085.5834170449252
1085.1092936236228
1085.0730021554734
1084.705605679918
1084.4979969848082
1084.4647652735466
1084.2446711035843
1083.6943291749328
1082.370120544238
1081.9605395779588
1081.7028037326315
1081.5990035617215
1080.9732919279616
1080.52064754182
1078.9283453834605
1078.1444517321002
1078.0321271300265
1076.9464325661168
1076.9386449022356
1076.7581675294282
1076.5881204475788
1075.9284288342428
1075.3797380074054
1074.5703992499334
1073.712554687268
1073.1333927547648
1072.5310916147669
1072.517145119813
1072.2564921910368
1072.159473502444
1072.0142321287524
1071.9501426360448
1071.8668704825727
1071.832324009776
1071.0419277835192
1070.998886339782
1070.393834112253
1069.1880110767052
1068.9573676403982
1068.899713614322
1067.933223379682
1067.4054984476213
1067.1434918743566
1066.3071472823883
1065.9090318305557
1065.3750208328368
1065.098769053874
1064.6407569377711
1064.3051303528703
1064.1104491591384
1063.84344245418
1063.7554124893015
1063.7384718765159
1063.5131734619388
1062.7300517432782
1062.5897425991982
1062.1361502665134
1062.0246866558293
1061.7230584565084
1060.2164661173165
1060.1804906177847
1057.9294159540318
1057.1224060619927
1057.0528170634566
1057.0100664703739
1056.8046296846599
1056.109852788564
1055.003140944144
1053.4087796289875
1051.878241433653
1051.7070503824057
1051.1416685787774
1051.0480176175329
1050.805712641725
1050.7661025986215
1050.2130131942447
1050.1124012800444
1049.813743274065
1049.0344181910862
1048.9435883405174
1048.9197893838984
1048.604567942243
1047.775597460843
1047.3290661003214
1046.7874744388007
1046.7872491418336
1045.2710369590063
1044.9115303449896
1044.8570055495532
1044.297547314378
1043.8738576237968
1043.6074316824295
1043.5074666187752
1043.1342100518343
1043.1203023820906
1042.02477521919
1041.0484695820603
1040.0889547426923
1039.9319176347553
1039.8330020206079
1039.8126669954356
1039.6240136593585
1038.2349727024036
1038.011397375744
1037.472567956985
1037.3794952630521
1037.364222617823
1036.5422086219883
1036.0272739202278
1035.8013740465333
1035.7279779712298
1035.6327809256702
1035.0859030899965
1034.3161555421568
1034.2134223277178
1034.1270743935715
1033.8596619384107
1033.7862024733138
1032.0777266904308
1031.9342701057674
1030.7642436377603
1030.594257719785
1030.05954380504
1029.6426866404693
1029.2751631093665
1028.9948348995426
1026.5215805403936
1025.9742460454306
1025.8163429697704
1025.744375747371
1025.5495336378808
1025.415042585558
1025.265903564259
1025.106656626976
1024.9047392933294
1024.5941856667919
1024.3727109679437
1024.1097681048077
1023.9900758503838
1023.9028609812378
1023.894611915927
1023.1768116612939
1022.8294515743141
1022.26788534651
1022.2432526960217
1021.9436945052794
1020.8691419755642
1019.8868190257108
1019.8751617331413
1019.7054912177655
1019.4233472782801
1018.6625756906403
1017.2244235543076
1017.0630464743292
1017.0465357317141
1017.0224351952093
1016.5568399365684
1016.4026934959261
1016.2816339650115
1015.3364985901378
1015.259888727765
1015.1753926440067
1015.1597021703494
1015.1166080141445
1014.8417875950988
1014.5504302073966
1013.4018969548347
1012.1026781075952
1011.8427945050234
1011.4130053341548
1010.4755925837853
1009.9024502740535
1009.6498517348814
1008.4024450868242
1007.9241576730215
1007.876635772508
1007.5109088312358
1007.3576929716276
1006.9305630337801
1006.8778596081524
1006.83434202944
1006.5357572614225
1006.5155141337452
1006.250504198649
1005.970568706229
1005.845283112204
1005.061272784011
1004.3836169380363
1003.5968942685631
1002.9456377146569
1002.7652295954767
1002.6943501329142
1001.7642808886665
1001.7511937299068
1001.6149774174582
1001.3929698246441
1000.4876014388653
1000.3855762626481
999.7336420276229
999.3576416024575
999.180764711869
998.5607047009435
998.2938316253778
997.7621191431765
997.624311671364
997.4551903748484
997.4412343681595
997.110035762571
997.0374006564575
996.568843856335
996.2207395983235
995.9974322229923
995.577393525009
995.4491364535329
995.285387234178
994.9153772617701
993.9871445347653
993.8808488608122
993.7191446013967
992.7239251070002
991.670900078733
991.5333501633404
991.2377956351563
990.7342837398212
990.5220001301414
990.1346343123926
989.6855579675766
988.8273241395345
988.4653912954643
987.8151713871725
987.6925663105101
987.613571678283
987.080552302931
986.7122576527709
986.4621539391555
985.9540317508329
985.6663559933106
985.5999674270595
985.5268810682801
