0
96
199
281
368
455
554
649
743
840
943
1030
1125
1216
1294
1398
1481
1559
1633
1711
1783
1869
1974
2048
2122
2188
2257
2299
2361
2401
2462
2544
2582
2649
2696
2746
2778
2811
2877
2923
2976
3018
3069
3126
3160
3197
3229
3273
3315
3343
3364
3405
3451
3478
3528
3560
3576
3587
3627
3652
3672
3692
3722
3753
3786
3792
3814
3830
3843
3854
3903
3904
3926
3948
3981
3998
4019
4059
4072
4090
4126
4146
4168
4179
4211
4244
4295
4312
4311
4335
4360
4380
4403
4433
4451
4473
4506
4536
4533
4532
4551
4562
4491
4384
4289
4210
4138
4060
3980
3919
3854
3774
3710
3644
3568
3497
3425
3358
3303
3249
3174
3106
3047
2983
2926
2871
2827
2771
2726
2666
2614
2562
2513
2469
2413
2366
2312
2268
2216
2176
2130
2084
2044
1988
1950
1911
1869
1828
1787
1751
1718
