1157.428456922672
1142.2374466101878
1141.783741492436
1127.1645602394253
1124.4079001037335
1114.2231440238738
1093.351094179422
1085.9173605607004
1082.6870120399458
1081.2554929451805
1076.262769892435
1072.2691377632138
1070.1979618631851
1069.9730533469128
1063.0446681452793
1058.3717703026753
1050.8986825651211
1050.4009649054533
1048.1163868261358
1039.9993891068689
1034.454164649621
1034.0237197036015
1032.9529269790871
1032.0024683928796
1031.9047108854472
1031.2558345068571
1022.5572126147486
1018.4980202729645
1016.5429295245373
1012.7828366829553
1012.0061098436775
999.5447578572787
999.2377383330805
997.2050387161618
995.758772435537
989.5894128148193
988.4902214818812
988.2710417256824
987.6773260713483
987.2451387058327
986.270579138881
985.0924012662299
981.9031305654389
980.1793549036269
978.8975463271972
976.7789764286662
976.5807151171099
976.4004012770754
976.0428936250798
974.34716909185
973.7937651972574
973.1941513450706
972.0110338423721
971.7302387615352
968.5481839041731
964.2867944716295
963.0196799298211
961.2487856856447
960.7306469507097
959.2443782195581
958.9160800311497
956.8630861238646
956.5953232688765
955.8905436347682
955.7087271803533
955.1372677162905
955.035174499571
954.9429949852386
954.4616355041732
954.4306840441361
953.0628369952324
952.6954725224944
951.1655736122815
950.2234702401962
949.7645755568343
948.7962319420167
948.2390125815771
947.1848994648317
942.6825619040826
940.223716858058
939.5037048651594
932.9742499604336
932.8115720279038
931.253126206208
929.6001105967089
926.8080339933708
922.5211902678661
922.3888607381365
921.4475613637717
921.3706972619973
920.9697526269412
920.8711926602912
920.5271543681755
920.467340903237
920.4654763810223
920.2974437184357
919.9056783969153
919.8639340793851
919.2541675530576
919.2151517702687
918.1025725195941
917.6214088147958
917.1024252688552
916.9892100451784
916.4051621641272
915.4131075574699
915.0161742612139
914.9808395654096
913.7515156818574
913.4588063949801
912.3873168131918
911.8634855008922
907.8327172570804
905.9116358182787
903.9619554813216
902.4238830137494
901.9228255155695
899.349978154592
898.5538196064326
897.3347727633059
896.8805770318173
895.9237708636397
894.418340452422
893.9352254900583
892.6793346409178
892.1471915315768
890.6231326920392
890.1547289441589
888.7926081373096
888.5286085357195
887.5508544112313
886.4971689960182
886.4093855860924
885.031015160649
884.867017441833
884.6265065204908
884.3649626837971
884.2213914345224
883.8404205298302
881.6951050745394
881.690215606721
880.2626497215173
879.6204617034014
877.0453310558416
876.3804010759002
875.0168722678759
874.4519936944446
873.3970543082377
871.76230092353
870.6571725902112
870.601038569428
870.2837910361374
868.4963951396126
868.2476656995477
867.6393765353583
867.0038507066834
866.0690136749774
865.0636470280758
864.6657523243814
864.2356854288771
862.5057523250514
861.733044708681
860.6367926378684
858.8051998478564
858.6208690831687
858.618702927954
857.3286253946529
856.8822599185244
855.8651187380951
854.1444651586406
853.7914173116901
852.6210476039889
852.4406984745378
851.4963632435221
851.0511451319405
850.9954474929845
850.8679656124544
850.5809191116523
849.9158192201222
848.9186684372803
848.4794874939176
847.8422748531984
847.6214202067948
846.2396408346914
845.2819103929646
844.4935122926059
844.0661718468405
843.5436728752737
843.3678070769997
843.2435799737817
843.0806394377663
842.2161974328263
840.8793038851495
840.2606763424092
838.698217021984
837.4137452692645
836.484650252346
834.3266665406188
834.1890443370605
833.8852697450919
833.0973875455218
832.9032355446317
832.7745750898955
832.0590390793427
830.8321483814757
830.6290550711368
830.25723347718
829.5798649645415
829.3772745962107
827.7973905613208
827.7773952903765
827.7606647594886
825.2927624255815
824.2802685278746
823.8054055032819
823.4861826544685
823.3208340244455
822.7354523402724
822.5585781731697
822.3105666176949
821.7489698451543
821.4894947117343
821.3530478983063
821.2364212748105
820.8346706387352
819.6868661300714
819.662543079774
819.0837412164615
818.9623662158539
818.9092836211712
816.0498424774721
815.5135616957045
815.2584917944741
815.0504875704817
814.5139703151742
813.7777386143254
813.6623548253723
813.5739554751593
812.651274350742
812.6161091278909
812.5462947425291
812.30692706177
812.021642423808
811.9609577532987
811.8164972482418
811.500059648618
810.8914936371257
809.7637259674589
808.3800569366259
807.683147558549
807.6701129922798
807.2523032998884
807.2205455169665
806.6129926267661
806.5115542859938
805.8736715222309
805.5203580758057
805.3815856331273
804.4671072267129
804.2540013218397
804.1023217391833
803.9516545882117
803.7137646815237
802.3521504627872
802.0492962082621
801.3130910029236
801.1785210636151
799.9393122889703
797.167950115333
797.0371812929798
796.3675716236127
796.0629262491426
795.7134388585187
793.5231070906799
792.6540732298796
792.6045130357645
792.2965139650117
791.8807033253271
791.4406988059495
791.0398119264185
790.403964478825
790.0282594929441
789.8871424510522
789.8260607900784
789.4086595680321
788.9058552155766
788.2278824482737
787.922042947684
787.7087816837604
787.2776315966136
787.1291485693546
786.7090410891553
785.9564852929711
785.6329942079874
785.3441348948065
784.34414633957
783.7245771243659
783.2888410761777
783.2866956466335
783.0581945160027
783.0183952273649
782.8573170137058
781.8632280982235
781.8552984727004
781.2149539683923
780.9356678400951
780.8742657338853
778.9818250076637
778.8635201201869
778.2552714558464
778.0419536262908
777.8185414847549
777.5674296177083
777.1982252471141
777.0001242167026
776.9144372291324
776.7208006397896
775.9359333910427
775.5347630014742
775.4834732350205
775.1936534333421
774.670194954948
774.109244695223
773.7419512125833
773.655150644792
773.6294996423351
772.7946163999195
772.7534330226222
772.4294510606815
772.1234140381823
770.1687080484181
769.5483285860262
768.8839082645956
767.9772090780349
767.3932382754185
767.3158476524618
765.9402473808925
764.9652501572267
764.4381278915847
764.1514135311875
763.584246918699
763.4993843116847
762.5400285624264
761.973184522841
761.457924096652
760.9597303741486
760.4887327888196
759.9553760281674
759.6648979904434
759.3997419204709
759.3461306559873
758.3152404618226
757.4669376711479
756.5592454072557
756.4159418807835
756.0647207312877
755.8632255023629
755.721079906483
755.5617697927078
755.1981912787854
754.3951714313101
754.0341972558228
753.9466861527997
753.406036726352
753.325734736237
753.0454887710871
752.6943183101259
752.4448743597204
750.7434973145682
750.5038539014067
750.2958174981098
749.9776668278255
749.8758987115343
749.7994093703157
748.4146583362495
747.1168404023267
747.1048668086329
747.1001233554304
746.8762989488927
746.8696307119881
746.8304884981062
745.6024720648134
745.2531531466601
744.9072735156905
744.2936251251364
744.2711676760011
743.2830032781699
742.1689772027617
741.3933596465374
740.4120947404582
739.9508247735075
739.4741101942329
739.3751799961894
738.9409135429948
738.9017386728333
738.2250974204424
737.8308969149524
737.4291829434759
736.8019509494982
735.6099790492481
735.5482863661324
735.445072630427
735.1835633457272
734.4697879098512
734.2864818237593
734.0616075255313
734.0140245957333
733.8658537477276
733.2446660862518
732.2665562132318
731.7692391166012
731.6705793843457
731.6236514570646
731.5376592857754
731.453175713188
730.7016457239272
730.6120707120624
730.2038338174664
729.7709746701942
729.3473210823829
728.6536438523475
727.8816428081492
727.686687548859
727.6723039308954
727.3810342684201
727.1907287921817
726.5198388487462
726.4169864290939
725.6524378105719
725.6223673708766
724.5570756950858
723.8277043144581
723.2654020999814
723.1629237346109
723.0497666534061
722.618380829829
721.1952288382947
721.146807744117
720.9719491344802
720.8013481235378
720.0754815414653
719.7154462960611
719.7065975561696
719.7006881533694
719.5716476235375
719.2026687185926
719.0907996797115
718.1101261949658
717.3789821241069
715.8056582714478
715.7768598176826
715.5068299597908
715.3527012448656
715.3305466279521
714.7889286318916
714.7255013552542
714.3797916979986
714.3375835948056
713.5945470714305
713.4463592826922
713.3811948402177
712.6098611844125
711.780242236723
711.0977718784134
710.9941565282625
710.2825119260738
710.0208469746289
709.9735708519149
708.4774158353882
708.4524529185103
707.7776309411342
707.0360300755648
706.8840534658302
706.1912467085136
706.0039354162698
705.4967483780802
705.1898524771984
704.7368807231422
704.1364354536396
704.0763174677438
703.8999149569063
703.4943082799057
702.7872794604186
702.6547786025224
702.5691576940919
702.4322845211375
702.278397940039
702.045098618758
701.5540637264033
700.5162726520316
700.2286001429851
700.0318879091764
699.6677012016974
699.641649479966
699.4268719209915
698.8735415373621
698.482417562316
697.2396029022262
696.9730851892418
696.1480157835756
696.0720274542913
695.4657862062406
694.8711946958106
694.0950938707269
693.5461546822328
692.5912278940781
692.5230305441657
691.9859938516823
690.9671541564592
690.5622207172336
690.1750307932147
690.0921403041098
689.8126240241619
689.5283726841418
689.429440239808
689.0965964485102
688.8770869175048
688.2970482823926
688.1427383871676
688.1266995189569
688.1117971518943
687.967368087786
687.3079639439081
687.1116336833576
686.8680244414828
686.7135764209353
686.0621390013055
685.2880227764458
684.9962834082361
684.7127720385271
684.6077082068286
684.3737777461463
684.2542539827355
683.4154146591081
683.0437221019469
682.8862788050096
682.5163403539742
682.2715908764303
681.947008834691
681.6721225324275
681.6469949921851
681.5163884845289
681.468012944822
681.0202404359234
680.8637847830008
678.5057391857454
678.3752553684845
678.173772911156
677.7800262430771
677.6981195978299
677.1685794645871
677.1562530043803
676.1179631220509
675.9626499227988
675.9083807180527
675.2869823257159
674.6867890871034
674.3927629573071
674.203428890313
674.0883716098248
673.754219739689
673.1006887680597
672.9911801232118
672.430834795528
672.0901658797504
671.7098954845642
671.7047459355665
671.3944472455275
670.8970512890942
670.3431540390125
667.9896164994981
667.870049013797
667.822660238314
667.7269663314177
667.6678390458104
667.4415299721273
666.6859197592322
666.4887974161385
665.5221710098157
664.255001852993
664.147377392598
663.9552658012805
663.699853556499
662.7995211395119
662.6189268017994
662.3586075964274
662.1117947752817
660.9819197616112
660.8164289094525
660.5868153396906
660.499962617975
660.4638781174308
660.1117758735065
659.3800158502393
659.3168092227847
658.3343077202678
658.1485697178571
657.4665149847141
657.4362878099129
657.1117541616013
656.8475482930169
655.8982170661263
655.1353769706506
654.5544970593382
654.3832469669703
654.325755589178
654.0601046060864
652.8637999672745
652.0082893553147
651.7114991389137
651.5276405143193
650.7629438570985
649.5433184694728
649.1861616123138
648.7421795995086
648.6415106147945
647.9610797833689
647.3910962496423
647.2286342415672
647.1390088438209
647.0766393281883
646.9463247718923
646.720291112167
646.0864914486382
644.7255428842064
644.3932957414952
644.1290811330488
643.6585925761912
643.6422129410166
643.3568555814556
643.0988245612882
643.0044201703597
642.9428119391124
642.7518867018521
642.7334656727621
641.7126324131814
641.6799762550507
641.6582609411147
641.1267479971274
641.0806777878427
641.080419944266
640.7360285173972
640.6484650951479
640.5978472490289
639.8923226208781
639.4472204693735
639.2862196767676
638.9001131715092
638.1850087561269
637.6734937923908
636.8013923252155
636.7011083324874
636.5365989833782
636.4599645180865
636.1410408214224
635.9295507738799
635.3714353343352
635.2769684755733
635.2190680730205
635.0059309893027
634.9708509944226
634.7569000204221
634.7303661801275
634.3763457478784
634.0437548594975
633.8714432311859
633.8454286309916
633.7085764583888
633.6091702891207
633.264634546692
633.0467031992838
632.9965851391008
632.8547211316916
632.3581533548584
632.0019576494732
631.7873426918918
631.4654756601711
631.2599856750796
630.763737503663
630.3974766641102
630.3576226262932
630.3544887772023
630.2735338985992
629.5875703921986
628.8247642973377
628.8142988201682
628.6138446153609
628.3044899843625
628.1149718988553
626.8938813698144
625.9465649925853
625.7570207958781
625.7172146021569
625.61150403823
625.4683447760058
625.1714404881418
624.8620254930922
624.7061458443112
624.5769048960744
624.0879658095702
623.5912214752113
623.3453777121742
623.2552617043287
623.153274875744
623.0091359335095
622.1170222844855
621.9642946175877
621.6967895403754
621.6581787211545
618.4518670999055
618.2136546584948
618.1760034225306
617.758513313381
617.2815548623724
617.2489069477215
616.7630461283084
616.3480416688787
616.3087410658472
616.073523773784
615.8877266456121
615.7393394235481
615.0289852487977
614.5613774996366
613.8181356079491
613.1384687420915
612.7678798309731
612.6839048795749
612.6089451913933
612.4691627864053
612.322828349168
612.234899001941
611.6637181605629
611.4840018816213
610.8786825794941
610.6710162076791
610.3647808334525
610.3013940796499
610.2944660793952
610.1271283646654
609.6169222260473
609.29498415906
608.8247122088153
608.6449173067174
608.586224847462
607.6209526556585
607.5643953239396
607.2195907818206
606.7500519074763
605.8658204444083
605.3716968437244
605.3642761662502
604.7085031961337
604.5349622746471
604.3301459254177
604.3218090932658
603.9336015723097
603.8443392780414
603.7067951432457
602.8899633150112
601.8816449368932
601.7865344400244
601.4764941490644
600.9994013763993
600.8511465386634
600.4379122508464
600.2694221848518
599.7176897731672
599.7041291116826
599.4995377835144
598.71527471583
597.9919096654581
597.8860391067144
597.2040245680683
597.1073824058317
596.8022861866937
596.703976851883
595.7288870325293
595.667953347044
595.0522782152755
594.9777827443681
594.7041284350589
594.6277277726275
594.1255875345203
592.264423361732
592.1602443172884
592.0267699536563
592.0226260638614
591.9109114427462
591.7842833812143
591.5190361898647
591.1888268213643
590.9850943666063
590.3973687097089
589.7884237847662
589.521729567599
589.0927012408561
588.4226106437588
588.2577766323484
587.19437340942
587.1448813268439
586.7448777107566
585.8734900020729
585.5146598848456
585.3541754374235
585.2410495254271
584.9901352546256
584.8844969558778
584.7850575814016
584.3260937747157
583.1701524087928
583.0569009986004
582.7397720452855
582.6829768933408
582.6190057657601
582.4322940786581
582.2350196669262
581.9754163811697
580.9422176582475
580.7021658930296
580.6045111431137
580.4574424539405
580.4251243562634
580.371798127842
580.2759517927858
579.9746320403027
579.8082427088696
578.217748371655
578.0908843369464
577.9751633297199
577.7292619061147
577.2569724456076
577.1227162140717
576.5743428664148
576.5473942412091
576.1170462948568
575.8924591281225
575.6420827224757
575.5200509675523
575.4682766685241
575.3312050909435
575.3215125121008
575.0857947202876
574.9196580249206
574.8857421970056
574.01736049327
573.3228163098088
573.1154650366782
573.0646792603678
572.9579306898984
572.7997618652837
572.5912529098607
572.0744432177266
571.4952295066701
571.3269939394431
570.952661419349
570.2920109510067
570.1570863867468
570.0938869342041
570.0540923799579
569.7092794771195
569.4154997355524
569.2156857443649
569.0605697467978
568.9853366865218
568.9285556714824
568.8835086433651
568.0213112228118
567.6508139693143
567.4256392788618
567.3146539743842
567.1777947271628
567.0526654976011
566.6683858950419
566.5701180232184
566.4524830548128
566.3900799511798
566.0627452643131
565.4546284782773
565.4393740545804
563.9624500222403
562.8230492418779
562.7180673597175
562.3806585445899
562.2982946780771
562.2301264684781
562.0359786049111
561.7955794448295
561.5926663068032
561.488890415062
561.4490321685624
561.3473248971746
560.6196423058755
560.5774368965183
560.1773730456307
559.7866765077914
559.766159512712
559.5447623977399
559.4777513295057
559.2985141372986
558.6757148027327
558.5367400095615
558.3662428069417
558.3602117018843
557.9437209758487
557.3072370974392
557.1839543805443
557.1439558931131
556.9101916956186
556.8631793688595
556.6577159256967
556.3578927940052
556.2869846082248
556.0902126992182
555.5718768133997
555.4613389808611
554.9761525715701
554.6654835028676
554.107719028068
553.5869993268024
553.5390786512278
553.49011780141
553.2212788316931
553.1602739228633
551.7657344596794
551.473960475254
551.0841582115285
550.9712326980703
550.7723046253213
550.2749096109488
550.1716698648875
549.7253109333535
548.6917143570782
548.4188669898303
547.7044242385006
547.5751634699544
547.5487136422355
547.032196155353
547.0270861896263
546.3345751437573
546.318371326263
546.1919327899031
545.9263025737697
545.848471582194
545.5317088306742
545.466189158682
545.3303181935493
545.1635752006299
544.9750187057307
544.8568311654835
544.8555672569482
544.1376620146891
543.625546270777
543.5873391977682
542.8818732677029
542.447567765863
541.0593519994236
540.6681397073517
540.5972528682906
540.1181106229214
539.9563241227933
539.540593460176
539.4941284803303
539.2137633944625
538.5796060665987
538.3929248710003
537.9870445609945
537.1696002493937
536.9616174159033
536.9247173891245
536.5388463385293
535.3183116488692
535.0986854602302
534.8223904036066
534.5526506107515
534.5394777458105
534.2137175538809
534.1061781869785
534.0273944959325
534.0196854331065
533.7636122798326
533.5547329855567
533.5492729258744
533.3953494966592
533.2317605699113
533.0611393171905
532.0909286269593
531.5541084541971
531.0700805708599
530.9634557252127
530.9345131170246
530.7216908459028
530.7093345917322
530.5788397016952
530.2017954139718
529.9476318359339
529.6374561010721
529.5278374530868
529.4589166485252
529.2971247208375
529.2254536717747
528.9221850395925
528.794091001078
528.6661028766841
528.2905343792313
528.145868590002
528.1309769328261
528.0141777525122
527.6101409453922
527.4950939303942
527.2930118136964
527.2173626058509
526.9681492399491
526.8016143497898
526.3326383324985
524.9624579139208
524.7183786357675
524.5205234397815
523.5124822207662
522.6553900205618
522.447751209735
522.2685743782306
522.002053815536
521.835088975691
521.5378760528602
521.4892245035151
521.3502142919665
521.2980628674039
521.0971284319223
520.6868874232524
520.3193743601726
520.1881814936509
518.4467531360422
518.3731868271063
517.9442543999497
517.5108215004843
517.265240711144
517.14809678501
516.4277557352513
515.8161676884728
515.2979522599478
515.1142868278073
514.4939929550117
514.2303316395542
513.5965777990888
513.2697239044614
512.5937567220894
512.1200372548888
512.1063130157797
511.6047512085609
510.9419311298359
510.5713979061386
509.13251628037864
508.81628287086335
508.1487200429739
507.4505502880355
507.2912568221086
506.6620195861616
506.0862465511553
505.9469157206804
505.4811370840017
504.45969912790036
504.4352615146463
504.40820516023444
504.156734187203
504.04704564502083
504.0443736066304
503.0052223681469
502.912322966426
502.8000243458738
502.0551168420809
501.8735390618046
501.8462717090624
501.7747130516001
501.6452383096025
501.4490602841322
501.37071674808135
501.1994089519036
501.06315475426555
501.00692867790104
500.3706451738261
500.355104980394
500.15547714926265
499.8730212957174
499.59219067380945
498.5777274052937
498.5474776009355
498.5111905559576
498.21213159560136
497.9569978931929
497.7281996942251
497.6198404951617
497.50483889970315
497.29814596918663
496.6540889086582
496.61761247642596
496.4405308927113
496.3601995689318
496.2077257426519
496.1985287525566
495.95002950973367
495.6008116388334
494.48770581631413
494.42110688251773
493.90340601898936
493.8305376181946
493.6934667341137
493.1054409859081
493.048768695715
492.9845952411723
492.74289354156565
492.6926409681257
492.6347642714014
492.5972190758982
492.5755871633566
492.50857353969013
491.9492706669978
491.91103275130826
491.5451288756914
491.4218039243422
491.4203487806182
491.29986278179723
491.19317123733117
491.1716276447507
491.04320901530224
490.92302292388484
490.8428913280603
490.38353369331304
490.3793861766642
489.9869210066135
489.36262283745197
489.1090477688623
488.96823542143
488.2642681033561
488.1343416762033
488.03610010912666
487.45280448708047
487.32048260844067
487.31708449600035
487.0965638951187
486.84726953080445
486.6066583575484
486.392056407465
485.964349970672
485.8262853382703
485.8195323489245
485.70799423033264
485.65312039124564
485.54690773676555
484.99821516490266
484.3557327690829
484.32956397167027
483.9142186738517
483.873864434957
483.3064892126204
483.2725468512499
483.1788654289551
483.05056568116595
482.8050183461922
482.35585414678974
481.7701383923529
481.12451660195495
480.711069531046
480.50737421791644
480.08047472475334
479.74186837302807
479.620675403655
479.5144048660885
479.4499885026697
479.1098756402043
478.7736702589624
477.6963917117017
477.26335096220083
477.1994821382914
477.0564172228701
476.8836934425657
476.83121864938505
476.81460500163644
476.21269027212986
476.03426995687914
475.8881054907412
474.66478469955655
474.31757640602524
473.9057250607772
473.86497814178813
473.86132509918843
473.7501317428298
473.55513009309936
473.3991539259184
472.92354748846435
472.9122593735585
472.84813146368407
472.7940615473302
472.4235723726632
472.4133739482588
472.1135201621182
471.37303901621874
469.9082478122989
469.89869203736225
469.82828282810465
469.75657428069457
469.7407768684234
469.25744249856916
468.8230867251739
468.14551045292086
467.9805431605454
467.8892172207727
467.8049420829806
467.3765205305708
466.7388336171748
466.68040636014706
466.07142006386823
465.5597231254042
464.02001801311053
463.5800966737678
463.50438751595317
463.33717757977524
462.874024113126
462.7709444291184
462.65613097979667
462.2683003699556
461.82559718090033
461.75955048624076
461.3860987876444
461.3271938990689
460.9465859607476
460.7286480474929
460.45015855324345
460.07016158859324
459.2005290413664
459.1422414749936
458.5810123345856
458.423992310224
457.87288130414913
457.67002156425315
457.4994961494176
456.9856338060862
456.97943603924
456.5576905689696
456.0761819689923
455.35679396222895
455.0687414474687
454.91617795865307
454.81449111193945
454.5937951726645
454.4927233310519
454.25366430622273
454.0019608065926
453.8800366505091
453.72302488651235
453.4524488736307
452.17361003850874
451.89822542887043
451.72777354127106
451.42257308284326
451.31189960058595
450.38777979039287
450.0963787888768
449.9624224383071
449.95584280689485
449.76215374407764
449.53385786527116
449.43275767212
449.2236600720725
448.8597405679146
448.84027980337623
447.6560086012176
447.20278300020465
446.8255388621374
446.7218325642373
446.63071358995245
446.116517420702
445.9410168248759
445.87532242998157
445.6099738988654
445.16624177775157
445.0048718979931
444.7419101262542
444.63133431337815
444.59977108910573
444.1711956487988
442.9688768950116
442.53549481745006
442.33592851327
442.0292989910301
441.8059932600141
441.5487897935286
441.03700691183815
440.8433947679139
439.9453769282635
439.73829253893916
439.1642304501738
438.97978229171326
438.7992668276188
438.75148665015814
438.6065723841024
437.7710542101207
437.5855706019129
437.5106832587574
437.2621047695875
437.2581415759318
436.7160293989939
436.1578749256413
435.870581528279
435.7401179411371
435.6432556090122
435.29855396116307
435.023749549427
434.21621990862633
433.6816173946428
433.32862284439534
433.2188645743139
433.02012174334027
432.9456334922382
432.8459363269836
432.5213077095261
432.13549081722886
431.6632171013473
431.2050112632795
431.10520964720513
430.75638232850235
430.5025419474707
429.2320575393809
429.2053055598567
428.857058445744
428.500074397419
428.4324258818611
428.2945155831062
428.0461832843583
427.9901709708265
427.90186302139944
427.45809243180065
427.28657229420725
427.064072176493
426.92890714246175
426.92504546333817
426.8984032664316
426.80813025924056
426.45736816791
426.4321524019449
426.23202263670987
426.0119029787448
425.79005878650133
425.3659051736405
425.14481348291713
425.1193202976185
424.9298997536629
424.78290565257447
424.5751113769853
424.43673790030846
424.2106351694715
423.62891468336176
423.5318025606351
423.34780297563816
423.30309105872067
422.88281839811987
422.433714187884
422.13148043123726
422.00476950985603
421.78384129959875
421.44931092316324
421.4174083275992
421.050813532285
420.6164437543574
419.76929666559613
419.300472579439
417.95778645495335
417.60640150548574
417.2328965956003
417.03244222673356
417.0218522196094
416.54076522635125
416.2217032447056
415.85503646854977
415.04629343822785
414.784401875369
414.51401324656047
413.15945323452775
411.8521756415374
411.32983675176786
411.2547094380882
410.7330941643605
409.6632477437092
409.1819531569114
408.85681458166346
408.8314849151162
408.76784934572197
408.6100202549309
408.22599577689584
407.8557315355864
407.6570758774261
406.7906727510057
406.66840362063704
406.2445869365293
406.15257209361494
406.0849521215328
405.73473891274784
405.18405507163186
405.0879771369203
404.21776080061863
403.9683962240707
403.8565915452496
403.68597783242495
403.51147667691464
402.91256524253157
402.66325570288245
401.9408898081206
401.51872162948416
400.88280726335415
400.66527775530307
399.8457555306626
399.6571017934041
399.16818859810724
398.8996056396436
398.78608143470177
398.48061056893425
398.42384447188846
398.2021833438559
397.7062965295683
397.3553346526015
396.6276603058488
395.5585903856726
394.85949933903703
394.81081609710986
394.6861398083098
394.28977007699393
394.2088769982631
393.73130423046746
393.2595453698536
392.84192938848366
392.74093134559064
392.18648710733794
391.28549700350345
390.9924319434192
389.2616308021887
388.89172736360206
388.87872298941943
388.8666866310057
387.96197702656536
387.3795465455962
387.28408811014606
387.0029925187922
386.9458991416607
386.3124308801397
386.28715340527594
386.21625232357866
385.6825850525112
385.58333815596944
385.39825440204476
385.3337478474107
385.086786366598
384.8860711644192
384.12962061138813
383.9028819383092
383.3037046879888
382.7045288773073
382.2706059394836
381.96742499194625
381.71097335242723
381.6778309305307
381.554968355215
381.0367503407871
380.4977843281324
380.4455675098812
380.08315984105855
379.9261570462569
379.76539981810856
379.57801893621615
376.9918683451086
376.90663572959215
376.86803036071177
376.3439441454201
375.7230200891355
373.24006203847415
373.22881151851686
373.04265603635287
371.8594921356431
371.6592475895078
371.6163831395068
370.5798982253254
370.5772590686736
370.3173044406267
370.0984158634493
370.08725605809843
369.54671202932764
368.7890516700111
368.52143723263373
368.3555214323102
367.6709476364318
367.1636793359603
367.1089507699827
366.0983894792096
365.80163563553924
365.5026898460467
365.2543336260617
364.8616411458283
364.765365495849
364.3501425545644
363.8101748461048
363.2879153431984
363.1379561882114
362.79959567763865
362.76640598624977
362.4625091574045
362.29560872857303
361.698228132706
361.6477855932667
361.5156283831793
361.22984507649505
360.7879271854208
360.57584714825845
360.0335206283643
359.9864150582324
359.4808035626431
359.3939577275162
359.3894348401136
359.0559268673559
358.27865029922583
358.24642479622406
357.90579479761374
357.78089345439344
357.63226843260634
356.1146324032243
356.0762029596941
355.545758745484
355.2871567522921
354.6516606386475
354.6195203128567
354.30650024582076
353.5157605399728
353.2625107763507
352.2962047525882
352.2152828864623
351.8632606443542
351.79364507467113
351.1248092451543
350.979608761389
350.7257533313536
350.24832023773837
349.972583215761
349.88538002484813
349.259374110541
348.8544737496768
348.66354424630043
348.60066564984015
348.19787263053047
348.1942914968628
348.1192891965633
347.8616903493885
347.2717892665852
347.218053087737
346.87169981883153
346.48457001352926
345.7073368380905
343.93887422349667
342.61847364344254
342.14283615927377
341.35255535186474
341.27067944714224
341.16384498582255
340.7049491986209
340.37278564980585
339.0658003193622
338.85498336947194
338.8271401207443
338.4277700331162
337.8964469571864
337.42793474342875
337.37481583422084
336.7926445267806
335.5908719690592
335.4106620131647
334.63126700137747
334.59894298299577
334.4024952520789
334.3171324501864
334.1955926402884
333.97727281344623
333.81899373908504
333.03064123965333
332.76470531446074
332.6571588896975
332.24008056053407
332.1665439990543
332.1203348423561
332.10087025523035
331.94361485698846
331.34435200407495
331.22539533842695
331.20166032050173
331.1193712133608
330.92699983588045
330.38543204894677
330.0471834102906
329.2864362216485
329.2345291786576
329.0989899602128
328.8882951789251
328.82374700140633
328.5638063076964
328.4763343445935
328.45741949931215
328.44641834318264
327.35241099369546
327.0749468518614
326.9291636313021
326.58745106929007
326.2997879934129
326.1368731492435
326.0513736605683
325.77056521119334
324.7458310187951
324.55791492419416
324.15862293121626
324.10156402079303
324.0322287179504
323.5787692764231
321.9199267688979
321.60821313619215
321.34333845162735
320.032314949657
319.6300277929379
318.9551270509254
318.4837851062639
318.1915552513466
318.18309676669065
318.0211561518555
317.73122725027434
317.53850045519584
317.4687634241533
316.8768342275266
316.109381341873
315.448024740722
314.7899374695793
314.75892820724107
314.6289741206359
314.5960786924977
314.52647693303845
314.1783528440312
313.32688420200225
312.24318816199025
312.15881440410305
311.71124006496996
311.6171946850327
311.5627834601572
311.50564053132973
311.1400677834803
311.13707353685936
310.68219094730335
310.58508876789494
310.1001824660365
310.0963796438201
309.99286455270993
308.4730306733454
308.15959324925245
307.9597933328107
307.4332403966439
307.42863517879687
306.9547887888532
306.8782223421774
306.72359463770715
306.23519940582355
306.134199427217
305.4921702707411
305.47691064228525
305.46210503797937
305.1435453261715
303.65411874362945
303.35078917522435
303.2001185530861
302.36491703062075
301.82211875772975
301.541943017644
301.28326922689365
300.9631591854399
300.664654861573
300.3046622176324
299.71138196226815
298.6619064581084
298.0236861371364
297.97585276537336
297.5112369328446
297.38987088052977
297.18803721043133
296.02275612145365
295.93694234410214
295.8944767826241
295.84571468993727
295.5409112889761
294.97636862844627
294.5100110920615
294.12003694867326
293.17643581099315
293.0567252633721
292.8640971165089
292.5254541226317
292.5046244232469
292.4211211798612
292.28699418884787
291.77522597635857
291.77019042310576
291.6693807171189
291.1342856711741
290.9831260383559
290.70476948808425
290.62896340205236
290.38627454988557
290.3806283589651
290.31569489015806
289.8484358138802
289.69019523231407
289.5365018228187
289.4823779254598
289.4702409112578
288.6703277373818
288.243451462999
288.1137187745169
287.96557528011704
287.84977738206817
287.6252745889843
287.27166954664574
286.0582738055481
285.3384171223471
285.0688643809518
284.61374366615587
282.61083466460957
282.26419694339603
281.45079082091604
281.39066921536744
280.91218724604664
280.68362840409503
279.6490890340983
279.59145197204464
279.258229110333
279.24573859722034
278.2798055071555
277.86085726462545
277.66737301753915
277.58172996077417
277.04240676250413
276.68145877398325
276.4605166461082
276.3237595562082
275.40167482012885
275.1270361651682
274.7101574125728
274.6460606291938
274.64268645841594
274.50265875992665
274.2992431259145
273.28648898570975
272.78680390873046
272.72862717889404
271.99796019959956
271.08247373246337
270.9923939352098
270.30205216950395
270.28879862757503
270.04859783550467
269.74391246001977
269.4907214659971
268.8978167024608
268.865059741722
267.80893628520755
267.1187246804919
266.97689753319275
266.438160692114
266.2770850393292
266.24501993473734
266.2092892229018
265.8751998610789
265.7349088639536
265.72544095670116
265.5512001986334
265.1074602485164
264.8625283756296
264.1576874503414
264.1499223357827
263.65269324851454
263.6339875797947
263.55750468610836
263.50135022637323
262.8280087223055
262.19530927754454
261.33592398555004
260.26365304280574
259.691915622864
259.29269927779785
258.92269353476877
258.24418928198423
257.62011350076335
256.7760534332185
256.6234334807948
256.4905305583193
256.47157368956636
256.28006074128734
255.7363528966274
255.51504779919344
253.64726823198032
253.35916076470414
253.33608794801046
253.1316630962574
253.05444995932157
252.69127623183033
251.99860575730065
251.52134756607006
251.47460014297656
251.1558224808639
250.01393613029848
248.6797130378241
248.67481112369234
248.36397026416256
248.33207141316274
248.25533874649147
248.24350809762063
247.69219895172847
247.03240561071837
246.62849957920704
246.10111844965104
245.71817979833423
245.16969018142862
244.93776717824022
244.9116792555974
244.9014850233703
244.77141696528827
244.2137003324117
243.68497468368383
242.76606542608744
242.6162517027393
242.3824078776321
241.6397539441358
241.54018740802633
240.2780646888151
240.1049643176068
240.02836219554752
240.01730320878187
239.87590546203705
239.7353633655328
239.19325732032098
238.75390664498883
238.49107153228056
238.43947096299587
236.96203210087572
235.85908745338259
235.3381138897456
235.07998123340815
235.03082957803304
234.14206974857098
233.4720427413873
233.28760710388167
232.9912382751935
232.71690810492862
232.27164784540435
230.850170412828
230.33399027936173
229.62117095459178
228.20395879554667
227.63503655929173
227.1590496431494
226.09750399726659
225.41403380231816
224.970775342678
224.44266251847407
223.0224359735518
222.9035234447283
221.85655077294916
220.9140771229063
220.76212503622753
220.42787857778794
219.92675433897648
219.85132922898862
219.61789135590374
218.93980148864858
218.58673900934434
218.0987835255537
218.09004666678376
217.84739437081788
217.68534837067543
217.26980303760712
216.9460079237764
216.34453788685002
215.5416404999682
215.4007812077818
214.96628527090718
214.9176728366387
213.2837887894549
213.08087905297907
212.47609061905996
211.89346845466343
211.37924216958507
211.2809201779839
210.70844636129686
210.52830049507622
210.47063933945049
210.2671648550072
210.1343714133005
209.3955901326533
209.34998274935435
209.23027054833767
209.1088057409304
207.67638896706165
207.61024741484482
207.52702534070716
207.15278819044303
206.86363140221522
206.28604333792265
205.97128458074036
205.26668348038402
205.14043657522916
204.37432989739148
204.37200185687527
204.08470601957117
203.84602797097727
203.30091718341302
202.03647250075323
201.69490147688612
201.11283416644085
199.63490520903463
199.33465050075483
198.18241042144564
196.96750054124436
196.63844704543033
196.4341295709363
196.26475074766506
196.237628801337
196.06703078534048
195.52778899038742
195.13952094360866
194.9505129388436
194.76794105500903
194.62021525542332
194.31141458398193
194.29516942258687
193.9864565862938
193.42879335239957
192.46386381005817
192.2939653808957
192.15090769002495
189.2933052385124
188.5102363812979
188.5075756002027
187.0114100314695
186.42416397249264
186.37302714901477
186.12130390637373
185.55457748313535
184.9762517276214
184.6841676284189
184.59109962024388
184.4680719639706
184.33196435416306
183.71783591322924
183.67356919659085
183.40947039405467
182.08800220062056
181.23665527725382
180.98778722139582
180.94395848507753
180.52108963638813
180.10663212894997
179.8695604650327
179.86592088255247
179.67228101114677
179.50332878356033
179.3825862411511
179.36588996828368
179.36562592582982
178.62513462286142
178.60406259013735
177.96317113096654
177.67113859515638
177.33669425324737
176.54809282884239
176.30042697274666
175.71963343823177
175.70096424121755
175.30977599590506
175.23023880435835
175.18244673053243
174.99647712701505
174.8986588561911
174.56221653707348
173.57433615519915
171.63704170702607
170.69564987881495
170.53343994543377
169.87346632943235
168.69248805622547
168.50391151923532
168.424189365467
168.126356586434
168.00731428346342
167.67204698712567
167.5927225809055
167.27326898246815
166.93028197050631
166.60576429282708
166.57214854590637
165.69099153310276
164.18294523120392
163.3409489110177
161.8805794911293
161.17709167875404
160.83078990920478
160.5286256642734
160.4854979802476
160.08179327006314
159.55792197039105
159.49321377290232
159.16078947326167
159.09311098873775
158.42295844280466
158.03235967579906
157.9479716777563
156.78125144672117
156.7203759018729
156.64130512378927
155.71091431838818
155.6645739327128
155.22999509671502
154.6343570022931
154.37557906779432
154.00278998581476
153.5906720970862
152.22560722463106
151.70220799590447
150.76650070535027
150.17892696586102
149.1546623230704
148.53035078111265
147.82275237569888
147.65242760446063
147.59776178835085
145.88385348584742
145.819022815547
145.74836786511185
145.67439885335097
145.64488684031642
145.13857897188112
144.0207866983493
143.7260479496614
143.63629846277377
143.51557264700017
143.05004084104257
143.03788166525896
142.85549133311036
142.42119966945614
142.40912315458604
142.3079849324837
142.03104177459193
142.0037462252887
141.58197034800398
141.26075861147376
140.45065515644293
139.81591275819588
139.76411252636126
139.02560851628868
138.68982340143634
138.465497867517
137.28794713581556
137.09909339114384
136.99566859719624
136.8105125880711
135.20902292590085
134.64700597691854
134.4904843576294
134.31120939619018
133.9786632276259
133.85977243813716
132.41287162000788
132.3048059742017
132.13681758881717
131.6918520649835
131.33522788813866
131.11744492378352
129.9606540159324
128.04432227349605
126.94046308736972
126.67587915237186
126.6667236614321
126.64246649271215
125.85310182760293
124.77616509351856
124.6524259381182
123.12236973149243
123.11096733074112
122.77873369734709
122.25140793478909
121.43090171636624
121.11217646405234
120.26418038892575
120.24655155733831
120.21596353139881
119.82754328103874
119.71948160729289
119.28053901114936
118.73321821692446
118.7154390646379
118.23115094308412
117.02825228764019
116.7009502889016
116.4174945388693
116.4174234653704
115.95682449462427
114.25616493799168
114.01020984465868
113.06542799887808
112.10828744893254
111.94686449084716
110.39528633209056
109.21399739961595
108.98539872883055
108.26794362084638
108.02385686112484
107.71075242822096
107.32600093567294
106.549117092899
105.67554182841525
105.55165141544671
105.39993360822973
105.1411228216599
105.08816045330968
104.68652401804927
103.92750154955013
103.89043530988283
102.88414303726725
102.6618876340982
102.34217113252305
102.32476290439035
102.03843811234708
100.04710546599938
99.93194755993773
99.81906512672754
99.52669996638701
99.20770350724626
98.42154015027984
97.7715706321386
97.5830011364919
97.56767100217462
97.41999939539619
96.32951217160957
95.52731667286047
94.10218052582889
93.20322834771287
92.87200021879968
91.92177738208888
91.6516825289861
91.11857604318982
90.55400783164532
89.766059527057
89.08714893156503
89.00831845404812
88.60187017319822
88.013343167411
87.53790780927929
87.21092676312128
86.1985837725939
85.26997395352714
85.0874804343731
85.0290506361922
82.38965121436166
81.5619878292186
79.98866117305465
79.22802820422442
77.86620915858941
77.8272845258864
77.16251741863027
76.53431747808145
76.22532789421598
75.12197922786123
74.45388061467412
74.04055168386083
73.77573199712413
73.04746748454443
72.70098460243975
71.48090956986812
71.25626303824811
70.58238135344186
70.44935698017477
69.07117839808281
68.50018368745617
68.23206854932135
65.7275682497717
63.972017923633985
63.22932998657495
63.11504083109662
61.88590338485733
61.75672024633559
61.34240947924544
58.52636444322792
57.11142795828124
56.10732590121131
55.29289561503765
54.05960805647513
53.17350478790797
53.08644904458265
51.52605843367621
49.012631684119526
48.18156476671959
47.55162161756897
45.98275552778637
45.81964938206511
45.580120181904135
45.02281128189756
43.41984695530675
42.11932556224144
41.978819434569004
39.697089587996174
38.74342092537074
37.34914097444539
36.994937690612886
35.61710486384993
34.6646202569824
29.01228869041455
28.98937080906194
28.270525033238812
28.043312135614315
27.89044083411318
27.710935328465666
26.34393885872396
24.77495279253685
19.477348321038107
12.442587855530519
11.34340981112507
10.75888903305379
9.531379532388485
6.379650256434672
