1194.235140174726
1194.0788065179263
1191.261769559388
1189.8809226325698
1189.4757602197
1189.3654114796561
1185.6037496704134
1183.9100098107908
1182.4950446932987
1181.6200537849998
1181.3728505478632
1179.6679951644371
1177.5760064900803
1176.7561720030856
1176.707756768903
1175.8529665961896
1174.1328962530176
1173.5821832221593
1172.4818128149518
1171.626139244984
1168.665628641024
1167.688527329704
1164.2351143803198
1158.9492984666313
1157.131611411909
1153.6885895951552
1149.6546872681147
1149.2287276785798
1147.7927089177304
1147.2065305709123
1145.553314921733
1143.7435519014387
1143.5585053625398
1142.768019862219
1141.208795901865
1138.6455931123894
1136.28698932103
1134.995882898913
1132.4425570889603
1131.4207421474296
1130.3552935839907
1126.9847373209077
1126.2813976584134
1125.0509233824164
1122.8183018721766
1120.0877193811757
1120.0348207800157
1119.253021581127
1115.742920263556
1115.4938216646415
1115.140333862584
1114.523626940459
1113.420740759555
1112.4626430828482
1112.3757249417326
1110.2975856808744
1105.8671125607732
1105.2619329088245
1104.3998953573828
1103.8318094783058
1099.4666693071326
1095.966533486312
1094.4171823049496
1091.7956277199546
1091.5687527061802
1091.1432188623123
1088.4767866314894
1087.1919690064328
1086.26105769914
1085.7855620325654
1083.8365970428335
1083.095121818471
1083.0455460890887
1081.2189435417952
1076.627775358635
1074.9049389985184
1073.133453495251
1073.0889887672815
1071.715468578677
1071.7150306078165
1068.8320051692203
1067.9756075615348
1067.8968527518832
1067.6799597836903
1067.3311243209612
1066.5049320543158
1065.7209118422284
1065.1354429608955
1065.0904858671402
1065.014079256334
1064.659233488286
1063.253998375629
1062.7294667250792
1062.0191190508092
1062.0110828893587
1061.233717155539
1059.6170511064574
1058.9224728143045
1057.7778217509072
1057.4667347151285
1055.8933333071373
1055.7041592014468
1055.0607141184953
1054.2884265294451
1050.9690929849332
1050.541187113969
1050.4694863902275
1050.0386545729864
1049.285340291201
1048.2723082126959
1046.9757586614912
1045.9998993418676
1045.1781928221005
1045.1666591334867
1044.6673160076818
1043.9157566694669
1042.0413249223584
1041.329940499142
1040.7420841995197
1040.013675852003
1039.6008562536688
1039.5269361502703
1037.508449203242
1035.9611568072066
1035.1509169202607
1033.288164353487
1033.1653627735832
1032.8461573459579
1032.4779288569562
1030.6720339093363
1029.767411841437
1029.0801765119265
1026.7170943323442
1026.5629231540534
1026.4348991126185
1024.314281657053
1023.7628615407807
1023.5999394890998
1023.4535983391406
1022.285058786882
1021.6372859978585
1021.4662052788958
1017.4908911272933
1016.918042353021
1016.168151381792
1015.807871210814
1014.8232375807127
1014.6253694291978
1012.7941299563793
1012.3605363090683
1011.1177893821775
1010.5924885973686
1010.4770397871423
1009.1063101013067
1009.0128841756853
1006.7519994916091
1006.1038897224814
1005.4177796443934
1004.9886374914827
1004.9529044400913
1004.6535018938387
1004.300316366548
1003.6115359557816
1003.555221040066
1003.5016604295253
1003.3441444515037
1003.0488286210971
1002.3960833032825
1001.3992101710073
1000.7565092209059
999.9042247165255
999.6670082252322
998.9967875168123
997.984880903263
997.9001955286165
997.4439255155764
996.3071078335948
995.6131787926092
995.5366913493029
994.7030337791874
994.6791684452259
994.5874244467125
994.1733008492004
993.7945958628083
990.9204842070061
990.4157508020722
989.9407569726652
989.2682385915133
989.2090468625909
988.8290598856161
987.504360505892
985.2942823468973
984.9124957713924
984.0580524069742
983.620214942339
982.6544696191252
982.4739227763661
981.4535045143205
980.0069038931649
979.5661411960384
977.8244834473007
975.9835570732735
975.9612212732281
975.8106367530913
974.9865155407317
974.4035759844649
973.9830908280566
972.5179419782166
970.7009084181557
970.6079302828772
969.0949803821387
969.0142334799565
967.8338272053634
967.701526659369
967.6471224960878
967.2129739785714
966.3351449410308
966.2678952465412
964.8086297657655
963.9165498683683
963.4934951803493
960.4960334543046
960.2685938182926
959.5566696745269
956.2096749777376
956.1914564869119
956.1248734993776
954.6768718241264
954.0299411624128
953.6054077629119
953.0265444229892
952.9233048677752
951.6846931570426
951.0047605053771
950.9158296103969
947.974868129633
947.8584425520609
947.4471388070482
946.8005612199199
946.0349882401424
942.7454126076617
942.5887894731381
942.5726397551274
942.186805723834
942.0858133053241
941.6377621655724
941.2063725129948
940.7185803652342
940.5097365702022
939.4144931895821
939.1051725182188
938.7478639171723
938.1373649171339
937.5100073916793
936.353461563549
936.1881522374008
935.851323104499
935.340009898777
935.1881619976398
934.2306472179009
932.7978402479732
932.2340381665668
931.9034691874881
931.8410585862271
931.6894817731365
930.6320648464048
930.160728089301
929.9800681514469
929.5193440005896
929.1043135587857
927.5349985846872
927.4460173657208
925.4734882877578
924.3218470034717
924.1679684362998
924.0929140707647
923.656517202663
920.5601993123178
918.8717872562386
918.1077275920417
918.0069812000384
916.9620965945708
916.9314426881236
915.7061700846219
914.2955280858364
914.281918154812
913.0771651783264
912.2090586214557
910.1419154388061
910.1140297051647
909.8636617833503
909.8302847903158
909.3438255449784
908.5874487193273
907.5763912778045
907.4312626826336
907.3074031795643
905.4660795792071
905.370726388488
905.3191212060619
905.1205633774283
904.5104079066291
904.4944238903331
904.4437648553926
904.2575113721106
903.5305525772627
902.5319015921866
902.1693277280042
902.1545641850382
901.7354624994135
901.7101371650481
901.4535261065423
901.2879061592178
900.1672993304139
899.4976893141513
899.3264008863817
898.8864129343008
898.8636776087756
898.1588717162342
897.9574470765097
897.8657276304434
896.860578890273
896.7225750435248
896.7087795638524
896.1968635965502
896.0225722532017
895.7447313130897
895.357583657081
895.0391911167158
894.6644931723674
894.3270179549944
893.6431708038697
893.342607416597
893.2409484210134
892.6459095218722
891.6907181465972
891.6549456132814
890.3667609364845
890.1982477151571
889.8036352857083
889.336569734713
889.2387513049864
887.6217910796611
887.0528276525615
886.7281190961236
886.7192253305989
886.0877463835787
885.2488486875852
884.0287526388106
883.3069324185706
882.5758786950504
882.06238767251
881.9643112198268
881.2327278383714
881.176232707666
880.7468647179023
880.5547813524934
880.1617793674502
877.9052520515738
877.8211411744279
877.6327345487471
876.0130300458934
874.7277291918932
874.5361936646719
874.0837286862272
873.2116654825077
873.024916242108
872.6581075804297
872.4601612053216
872.0732723803678
871.9052988452572
870.5721258570003
870.3028209662434
870.2559106859829
869.6221997972506
869.5841483211741
869.2419420644928
868.477553037432
867.9826687776999
867.5891683780499
867.2752092293626
866.3552982416527
866.2462753196871
865.6063757908701
864.7763577942807
864.773006677854
864.1548790670805
864.0447649042101
863.2816177002169
863.247145860021
863.2319029248547
862.6825644733738
862.5851555722002
861.4455573135072
861.4186233057517
861.0024033609814
860.2854610062591
859.5970102733938
858.5935201633428
857.9122805573945
857.8307838918039
857.4480333872705
855.1046587079961
854.955533657333
854.8469135822163
854.79751334445
854.7116448097377
854.478757433809
854.2547262497017
851.7558967147367
851.7060511927323
849.3816598319896
849.1489051462486
848.3969601763042
848.3358133703427
848.3343511505125
848.3209427282126
847.8947446406187
847.8157868895257
847.6235022161841
847.6161887140584
847.4535879780947
847.4428185642084
847.1657678188692
846.9963674857879
846.9104948221918
845.8094233690213
845.627481151731
845.1211470836556
844.127820907245
843.4780805362795
843.302836612429
842.2292545504811
840.4928203466154
840.1762120424538
839.3711378715016
839.030003732558
838.8062134368038
838.6654799357966
838.4243647252758
838.363632154254
838.2826620029093
838.2284447390423
837.5815439353389
837.5404965928557
837.3802812629963
837.3727994971923
837.1137012745821
836.8371157580269
836.1910307694078
836.0885169929456
835.9381797586525
835.6795787353947
835.5685578961552
835.1455826184914
834.8292859515963
834.767766938379
833.8819778580121
831.8168947775426
831.630645131507
830.6426031873241
830.1808608827428
830.0939336329817
828.7479039714062
828.5947939237512
827.632738689579
827.4931376690048
827.3872721827809
825.8187189178584
825.4922292000454
825.3556363174266
825.3403102198795
824.9183775872295
824.626831335165
824.6147422597458
824.28078164969
824.2595854328099
822.8693256155759
822.3429177632362
821.8132634738683
821.6849718858523
821.5475912755373
821.4632376688137
821.2462142265708
820.3676012151088
818.3805502640065
818.2832180428371
815.9119363361335
815.8930060444226
815.8520224180011
815.1556877107114
814.9396345480964
814.3843544194499
814.0303597103081
813.9799366066661
813.6325085676162
813.1835514252149
812.6756410909868
812.0649970324
810.5553750439774
810.5109132656814
810.3668842566606
809.8701507672881
808.89994324189
808.7268722746217
808.6442877118111
808.5799872703485
807.7638690993613
807.4625857081796
807.1790083282273
806.8407052112232
806.0435065811904
805.2033924384846
805.0461773425334
804.0802399027425
803.7289822454798
803.288876645465
802.6667358965404
801.8160925604611
801.2985646288571
801.2623988217013
800.123393893759
797.4367799907795
796.9631187578198
796.9095182848332
796.8362676448429
796.0815121436274
795.9248620977867
795.7985717865115
795.1846328074821
794.578651744376
793.791405262227
793.3963993970921
793.3579506199268
792.1386816076138
791.5276030837422
791.2793530699225
791.2595618598646
790.9508379337965
790.0841658838267
789.7651025710511
788.2675929957588
788.2403770513785
788.1237736923056
787.15998052828
786.6549614612971
786.2013863124731
786.0362971523585
785.9024778596022
785.470082406709
785.1946815615222
784.7038314279607
784.2273473093442
784.1798592090449
783.7917035104222
783.399655121209
783.3624694435584
783.0141117860055
782.3896843423081
782.203962266316
781.4652518520697
781.4552985051378
780.8260625635821
780.7570966806824
780.0851014217758
778.7005661036059
778.264983746488
778.0600856876174
777.611701611417
777.5633402244164
777.4721563081595
776.742511134694
776.3937610887634
775.9988200790524
775.0328342506423
774.9863567912388
774.3366958155883
774.3283535819372
774.169621103791
773.8094385359689
773.2591920315183
773.1266356173644
772.4859244866034
772.4499034195753
772.1523611285245
771.5338160186817
771.379303797682
769.9522345913381
769.8871480410612
769.7325217433454
769.6499310625484
769.6007705515553
769.1596644936944
769.1340072734745
769.076118311338
769.0590570441041
768.8944938788915
768.7040659497784
768.479036593682
768.078430075568
767.539899485482
767.4564096336351
766.8909734276231
766.8273175632964
766.390094555888
766.1124960717659
766.0073207822886
764.0675274190509
763.6521585396142
762.9692225531385
762.9552258657161
761.8435666182384
761.5549705525275
761.3102375978851
760.7707050544184
760.2999227997027
760.0003776168414
759.0831742151345
758.9665193551596
757.8854592704943
756.9097410843726
756.9028091311596
756.5550091705508
756.0629771822341
755.8425592397011
754.8918342222864
754.7841743639979
754.6356212306043
754.0633572424462
753.9287576573986
753.4722380622355
753.2092611423268
753.0848706790764
752.9207818706975
752.7719511123646
752.7357611841901
752.560455235723
751.9847656534321
751.8086866898636
751.5082847001946
750.825643759752
750.729018372672
750.59872558506
750.2285287089887
749.9725694758426
749.6791270345136
749.2162960880312
748.8471869277801
747.6665789023525
747.6034194823717
747.6007000133861
747.2497766688143
746.973476601224
746.2936494061664
745.64399296646
745.3680161665961
745.2038841173515
744.9764377731776
744.8311001511447
744.5559813898852
744.4218278239384
743.9105019783067
743.9015204899526
743.8953235426287
741.6351557401799
741.5537210175094
741.5435389287575
741.3517119939405
740.8760871228691
740.625381868081
740.5746147196987
739.8278626646384
739.6687728221114
739.0617994546394
738.980487168434
738.7734180605629
738.5568476761041
738.5240901261905
738.3388233434381
738.2251459688077
737.9494700151668
737.8078067707555
737.5410204133432
737.1612451643482
735.8820167464849
735.8404409203646
735.7665502539135
735.6128571598774
735.49176321708
735.3312935384877
734.9129621732392
734.5446065791789
733.8904649193788
733.7415285290858
733.3165696583183
733.2638603294683
733.1361090429726
733.1073962660712
733.0992225737405
732.9755666553953
732.2116818235968
731.8320446882618
731.2014534841485
731.0172183046564
730.7830972602094
730.6163719271806
730.6142347792473
730.3370335156094
729.7172577714516
729.3086666309041
728.9728857610648
728.7341377896693
728.3156237702307
727.3033444850344
726.9769284003961
726.7889970915323
726.4695195209313
726.3531262096462
726.163523303481
725.790587371469
725.6977923927543
725.1293078693757
724.9841999928004
723.6154708714516
722.837139589776
722.7784694467152
722.2995737983986
722.1334379950513
721.6843514800298
720.260293998146
720.2168732371997
719.9961356430917
719.9220296099577
719.6724579139538
719.2332947733566
719.1586115865105
719.1508238111733
718.6782405971122
718.6699869240174
718.2102278423811
717.6685494224923
717.6474377941761
716.8751422449212
715.8389181376656
715.8177590732391
715.028823491532
713.1593979691024
713.0786643270332
712.7261466030805
712.6550580655077
712.586965642344
712.2692821116091
711.4802310761931
711.3489259282776
710.7526284642879
710.7488809160699
710.0550664133664
709.8544319801019
708.9242722309078
708.5515606247664
708.1505563006386
707.2586953613725
705.9541178111393
705.8656130648179
705.170391124585
704.8035576847095
704.5297984419076
704.1111915275796
703.5422074855876
702.0269938142571
702.015293551158
701.6410565325177
701.3693448293111
701.0021837543015
700.8709335187882
700.8188266468169
700.7356456880475
700.3906856883887
700.1318130441847
699.6137005199946
698.6238338673927
698.0872846548045
697.7671891613203
697.6261864777314
697.387033982784
697.2218348677668
697.2114257971765
696.6255925954338
695.2237511219064
694.8004095569952
694.6721247401057
693.7766260888632
693.3574637739137
693.0910804179751
693.0781412424366
692.7827717855491
692.1498909234674
691.0706529515683
691.0532447677467
690.0376143850831
688.1267257484175
687.9752842777002
687.851275097727
686.5137229571446
686.239709023136
685.5764071063975
685.3877273251599
685.3505917507657
685.0482469818445
684.7331015182955
684.0162958975333
683.9258206764983
683.6935645330616
683.0212851631946
682.9799396817655
682.8791586705383
682.6178610750962
681.807088388805
681.6998212126019
681.5512574619872
681.0387702175615
680.8395756716135
680.4742083151936
678.2749547304028
676.98773541559
676.7738393596126
676.6425967243855
675.9096353221561
675.0475330951031
674.9538306488563
673.7390691778353
673.6079974580393
673.2294894386066
672.8514357765833
671.8226099163302
671.4429222914213
671.3974204735267
671.0108844793064
670.8172056145261
670.7287012400216
670.6667346264205
670.4763848127718
669.8908660879689
669.6823167822855
668.753191520017
667.8783749675558
667.6045116097227
667.1528240950474
666.7127166270596
665.8975422918119
665.225549021185
664.3402175801589
664.1933849682026
664.0256566096114
663.6563589003067
663.352718190796
662.9547932013235
662.5686272469413
662.5562466714434
662.4733390300033
660.3977798315983
659.9296776156523
659.4212269142226
659.4015784473416
658.2386941524383
657.0675616919284
656.3644199363755
656.2644002441139
656.0114863193733
655.9198184141543
655.8459533701495
655.6350277672836
655.4872079914761
654.9135565953034
654.6522090156237
654.6498164615447
654.5464205330334
654.4651207759408
654.3633277119077
654.004699417102
653.7400265887416
653.7373785230807
653.4678511150336
653.3996072317582
652.9424254002232
652.18264752369
651.5645735262009
650.7275225200046
650.3315768787937
649.6497993862902
649.409871663859
649.1080667157148
648.6910836928743
648.0446934398204
647.9432787115115
646.7595693717041
646.0023484943681
645.5389846216663
645.1179802377331
644.9107864741151
644.7315788298429
644.7174925949475
644.6867261253602
644.3736935540917
643.9743473801926
643.7289097752949
643.6959473600102
643.4530053072676
642.9069406032569
642.2478224089799
641.9560308336812
641.4578211808365
640.995481354222
640.6411681659974
640.394563258741
639.7991195694882
638.6446241278251
638.4781823654846
637.569618507453
636.7192687223093
635.7534233562708
635.6271038847774
635.1755195946854
634.6988037178162
634.4846593324376
633.8763205240275
633.714039802849
633.1768059523209
632.5857492413
632.2447744408361
631.6020776223428
631.5139640689325
631.5076410665031
631.2964454439414
630.835296934238
630.8202056190293
630.7240644699056
630.2432007536273
630.1493821072996
629.5038849090181
629.326498691778
629.2098930840884
628.155047051074
628.1115772499178
627.678815340864
627.4637757682251
627.2322070918287
627.1695863045366
624.3194658759326
624.2005729761153
623.9971904746451
623.8169246702807
623.3241704438893
623.1763164356113
622.9887001187147
622.8978510108067
620.8433609748133
620.441573771356
620.4096837181968
620.077217697823
619.6263874729186
619.4223597966527
619.3217059149496
619.2875366800978
619.2430609233061
619.1161085295174
619.0829556522144
617.6640364664007
617.4228709770189
617.236551727248
616.9555201940158
616.9000147954691
616.5606761917307
616.2751786837226
616.1563451416906
616.0484550641116
615.9469253254706
615.8978909809454
615.7314706000429
615.4069456655182
614.9341767472281
614.6172443179099
614.3140310666024
613.6105907232303
613.191181705187
612.7789255280676
612.2229594102479
612.202955548885
611.8018191703849
611.5419922413055
611.4878959348802
611.0859076894823
610.6729298104
610.4702767801662
610.2136886233889
610.0629429920576
609.9106090207049
609.8457959098806
609.7350502538936
609.1844104376039
609.0124415026394
607.0492073650852
606.8238540191778
606.7023892385237
606.2156751854351
605.7193216428424
605.6954426496599
605.1831650961482
604.8542711679696
604.8048368444901
604.8041198154334
604.7236799971726
604.4722191972425
603.311743097395
602.9545073542412
602.8523037775132
602.6905528004494
601.8541461663327
601.6904546175484
600.8986219403791
600.5615434626858
600.1113449637986
599.9836638463594
599.4077443481501
599.2606928726159
599.0191426879552
598.7958035215142
598.4631768551424
598.1902901340235
597.6730583131759
597.4346500958982
597.0277463096755
596.8226501400607
596.6937546919484
596.678997257348
595.760575274305
595.6858608246972
595.4838197375689
595.4257393960686
594.928904741966
594.5979673212815
594.3634630829996
593.8657235273848
593.8339018085907
593.492367541758
593.374543852731
593.2880541604777
593.2645129786604
592.7009790675222
592.38647727831
592.2143750181784
591.4990590387582
591.4779890445607
591.387997350019
591.0876431943901
591.0026363656434
590.8187186228663
590.6779043851398
590.5757804566551
590.5711496139052
590.0842438059314
590.0789335434905
589.699545823747
589.4695175979367
588.0682373968064
587.7145878185758
587.2839754021416
587.0862502155569
586.8406290103591
586.7677339406343
586.5208325849876
586.2074110522062
586.1333232589354
585.8958122234839
585.8793364522965
585.7597478011695
585.44964057006
585.4296117855639
584.8725965152956
584.4549323104388
584.3146323290309
584.1802970491026
584.0614437576302
584.0089206782587
583.3131124295019
583.3017767482959
583.221645788779
583.1801004785299
582.9562870511621
582.9295485800839
582.8292194000305
582.8111279200434
582.7854962038502
582.7347987238873
582.198221362868
582.0655285437077
581.2979751597126
581.2842342077776
581.1142126388118
580.6355180880911
580.4336278041441
580.2874036626115
580.0938580027054
578.2054324837402
578.1772088305895
577.7255402826681
577.2870243136605
577.0440168754646
576.8049261884526
575.41530293929
574.7887374242188
574.6709170318966
573.7920968055037
573.7356506798674
573.4820422246504
573.4809384613021
573.3884656477445
572.8883457139153
572.7579772574167
572.5850544583902
572.4221130730131
572.2065202001388
571.6871699959976
571.4463525672803
571.3887692560677
571.2684260041326
571.0763320577004
570.3163425246073
570.0628677861358
569.5087157160837
569.3690624956813
569.2481240608774
569.2089958731347
569.1661054842507
569.0668935316096
568.8568357902528
568.5382404229077
567.8644934725069
567.635165063783
567.602059144593
567.5587358429821
566.7544628470492
566.3051773988085
566.0861137525741
566.0372876199447
565.7093202852184
565.6009872033918
565.3236635775103
565.1727952649657
564.7604186884083
564.723390027314
564.2784808794582
564.117700035745
562.7149763503438
562.209854769994
561.4637381313421
561.1801327959156
560.946302271206
560.9055767381885
560.6289963664884
560.3321292857348
560.1272143814373
560.1071291645276
559.9906219126615
559.5955614316388
559.1771118846259
558.935885586478
558.6769917420518
558.6744035333458
558.4291417399554
557.9475934633634
557.8592685050147
557.4663316020758
557.1483941836927
556.2705422478195
556.0913869550574
555.2021768723267
554.9894459610722
554.6449336927094
554.6033309195881
554.5309760794904
554.4992402238228
554.0763689188107
554.014292916708
553.8410227327321
553.7738787667613
553.7528703461754
553.295936157223
552.7184458398337
552.6726375823707
551.9872663869498
551.7961405898643
551.6609145894346
551.6296854216511
551.6146925776994
551.5506017153484
551.1098033208896
550.7520513258401
550.6098013952659
550.5076083804294
549.7171600573249
549.4849800671129
549.3534351084996
549.097540641241
549.0239794368332
548.98859071732
548.864009821365
548.1974211037711
547.9439942155615
547.9035127801092
547.7937299395749
547.5721490112314
547.0823812533376
546.8349052347437
546.8253656268757
546.6473733056612
546.4818724812257
546.0940583733567
545.7531452546037
545.5662338307213
545.524744046611
545.3275067870281
544.7649681515886
544.7403031370761
544.5308473744067
543.9327162808581
543.5844410301127
543.50988705097
543.354656772942
543.3173866754432
543.1136930709761
542.6168202354902
542.1725700404991
542.0444896730531
541.9337021474358
541.8222165366697
541.7977293487314
541.6718619373738
540.1663811130547
539.0627000702307
539.0384226029676
537.9102710621612
537.7942734783096
537.507235767759
537.1782535734036
537.0862138447358
536.9584060592118
536.7341142076193
535.8685536206165
535.6987787464429
535.673278703773
535.573320098089
535.484225714302
535.399395071391
535.1956163163758
535.0911444122501
534.291528158288
533.7558197095392
533.007077884186
532.8132284441429
532.5591867692943
532.4908655029532
532.2609045330838
532.2476712860696
531.9110202583695
531.6390690235991
531.5342886081852
531.1038934865758
531.0643640248062
530.9007898202873
530.7960415695417
530.7569311439923
530.370458099516
529.6765530566503
529.6130852506151
529.6083574943893
529.4968298923162
529.4135955310612
529.296618888176
529.0741995240119
528.7410102787621
528.27725392665
528.2167931920111
527.9553914299138
527.4035763826379
527.1325486877731
526.9527239992736
526.6440607867262
526.0403070321526
525.591196698718
525.3371851056885
525.0800401646883
524.9514441285461
524.3299661485078
524.1573619949273
523.7847625708212
523.7188050162254
522.4343147122408
521.9459616916014
521.4629574612059
521.3293517873736
521.3233169766776
521.2529317811689
521.2201881230948
521.1461766616496
521.0187663916474
519.899238864886
519.2670309501743
519.0196767742284
518.980935754177
518.9754853165451
518.4251938202843
517.6825100635041
517.5067373054615
517.4122479741744
517.0223463298815
516.9440983706673
516.8771252962131
516.7361856785269
516.643874568942
516.6278567094207
516.582903381089
516.0628117013867
515.8214841044829
515.7747549123535
515.5651047194341
515.2473579792197
515.0041628722579
514.9297964330822
514.8513464645409
514.8453995799106
514.4005825240396
514.0529982206762
513.7784532939758
513.7774102852184
513.5593354426609
512.942710660477
512.7601714553512
512.4332890174944
512.2555430469154
511.9933987199928
511.6620682045385
511.5804703515133
511.51369205366336
511.4228809506301
510.9901687742147
510.8583976016122
510.83992931116836
510.6902985136086
510.6857638435308
510.1248957214119
510.0858844867687
509.89710747542324
509.7699354383867
508.6688355207033
508.3798688695757
508.3575570448313
507.97688771228536
507.8963296264675
507.67560044481695
506.8410822458634
506.83891238940475
506.8035172547251
506.721745346375
506.7137046597512
506.3848433308108
505.96366139801853
505.0408355036943
505.03357840315925
504.6118612657681
504.24526671529816
504.13286654598505
504.12185968241886
504.02244374214524
503.0936020966619
502.6057412921092
502.509953976891
502.508925435032
502.0671228541298
502.03163716516815
502.0107616926873
501.8343148022732
501.82431070864095
501.3880783418058
501.3877076227733
501.2631167308833
500.3709009020688
500.26133671888977
500.22317985996926
500.22094063187615
500.1180773326829
499.82026554207823
499.6626527971224
499.24967626428713
499.0621917252098
498.83252909372004
498.75496226870484
498.35003553365914
498.3133608200683
497.40931845455657
497.18892961778795
497.02850777175695
496.9079208236409
496.8514285270727
496.3322416218165
496.2262460720906
496.15228323125564
495.6621226006789
494.94178814642544
494.9318037779427
494.68439126174303
494.5393956636158
493.62464148649394
493.552864124445
493.36061313746234
493.23956367789697
491.2409380756777
491.2117754597522
490.83293114614105
490.5502678256006
489.865417152747
489.52824738087736
489.19546482999715
489.07430892303205
488.79533247565223
488.69612958212235
487.85906517428305
486.47742924139334
486.4176180912848
485.94627235403914
485.8262532681074
485.66413661124034
485.3813855900355
485.22067510105956
485.14659120495503
485.0349679823387
483.6414719380133
483.3649767347481
482.83706808858915
482.73494723614886
482.6989070779076
482.4981888372138
482.4507475773621
481.9592557260669
481.9002072158461
481.8734675436531
481.7314922673978
481.38136826069285
481.1895672200162
481.01281431579105
480.88386038878275
480.66345893538676
480.36610293686033
480.13515467520915
479.8122522658497
479.75912252777823
479.44109905921255
479.3994181986968
479.21125512220897
479.12206606474524
479.1189096612808
478.90685524461253
478.5234416584044
478.49540193450935
478.19907280459256
478.0858513211873
477.6130155618308
476.83322341735993
476.47514848575406
476.19199958303204
476.1747247498412
475.45792789107134
474.9324472766949
474.81149826424337
474.31572828858657
474.2870683884977
474.21861668999134
474.1095427417174
474.004437609628
472.8410103024378
472.6008786673482
472.34905304610174
471.31193308019465
470.64747912048176
470.3987398521599
470.2556575024097
470.2412501411793
469.7972704063459
469.0661188074388
469.013870322774
467.98666012599153
467.90617113110284
467.63881492119344
467.6088012863677
467.0501153691747
466.97442781363964
466.6924983701639
466.532533785497
466.5110466023982
466.44714918739203
465.7669747672297
465.6920412720832
465.4953534970567
465.4833525015115
465.3787142954084
465.29235248261455
465.19291563946865
465.1575763237596
464.89630182880614
464.77796033578693
464.5230653976149
464.50910988540124
464.28515317510085
464.2472265100158
464.1800168417093
463.8341198397426
463.48972254232956
462.7801703387702
462.7204768771385
462.3315377287606
462.31315102043425
462.210655089292
461.13079946644814
461.1258588118759
461.0274528678566
460.53656951039807
459.9419952425409
459.89395023357326
459.8698235066287
459.57347999142326
459.4078366846188
459.33591230177683
458.8320540789085
458.53813866312055
458.52404105862126
458.2350361307182
458.1689953071052
457.2286514838878
456.91451378373085
456.89855719376146
456.72116956477146
456.65897533575253
456.63584665456983
456.6317797933664
456.5776376533538
456.50160064090323
456.38024956113134
455.9995755437643
455.92306054238543
455.91381116129367
455.06713217713457
454.6888836203361
454.3946113439247
453.9567925809339
453.8861114927844
453.82050910773364
453.5380255891404
453.5239059090501
453.3130340863605
453.3029876200286
452.9121505491023
452.63427615300986
452.31373628646463
452.30299044119533
451.59418339483545
451.4930630916592
451.2571166562607
450.7071948618211
450.4098122409466
450.3635729798294
449.99720822752806
449.6244184965569
449.57615753228697
449.42312676279073
449.08795519930334
448.8974711462382
448.85387180771784
448.8438125798517
448.8062226700862
448.754394499191
448.7064835768026
448.1468203414812
447.9852793773488
447.4172421816395
446.8963679873367
446.7912751298617
446.6294208128745
446.57656211525716
446.4722448733886
446.4650712566503
446.3773809085458
446.2362825095612
446.1861869988984
445.55726260548374
445.30854598264
445.25714630225616
445.2144393242969
444.68926324654353
444.3919618275296
444.2748721754656
444.152223031885
444.0516090072189
444.025119070351
443.90212648944066
443.627405132204
442.4760120464815
442.2422702494349
442.0482396590563
441.46277374665976
440.82036435602777
440.69715295369065
440.13752171579074
440.0874108396706
440.0590717977476
439.7305355196796
439.56977189764314
439.1065876668588
438.7991900077543
438.11721527658335
438.075014689986
437.6030176485583
437.5093769424267
437.21568416119385
436.9053626838453
436.8570238538946
436.4886120530266
436.1624551138815
435.9511285331215
435.82784602091897
435.5064773286257
435.33850030959286
435.20383433736333
435.1224070304536
435.0718594005431
434.325185666234
434.204978003743
434.1926260782582
433.9543105933541
433.8458866108639
433.43049592667387
433.37169316699374
431.91901872341737
431.8693166538252
431.0675263361892
430.67209402460844
430.0971285456045
429.9818044630521
429.8722481786731
428.7835552851135
428.68729636773185
428.4400469529621
428.3124149218688
428.2280576253296
428.0168892020648
428.01258797597734
427.8279656744652
427.82359351154423
427.6966387876056
427.0476301701974
426.56409011537266
426.43125418189334
426.3374925458837
426.33485099221195
426.241506632584
426.19833951803275
426.09445538236173
425.337024607982
425.30470540950114
425.2181244584848
425.0384177324934
425.03461688405696
424.94297143445147
424.49800757230537
424.1898192574158
424.01031948218383
423.8872472040258
423.78370401465725
423.7208276486489
423.50474536405636
423.4587841519299
422.8342425665187
422.820226417203
422.07725992112057
421.6685348650003
421.45517362527505
421.39675358079796
421.2096473243905
421.17546514914386
421.0539898283789
420.4598398698804
420.28517462403545
420.12552619489315
419.67143924143613
419.39071460493597
419.35112310524346
418.8895228464139
418.7659848041038
418.17633935704987
417.7257139201963
417.56701416414614
417.02603627716394
416.86345176468535
416.68466590368257
416.6145666607871
416.507809499249
416.2828897742231
416.0117191594268
415.86281085587495
415.83172861746607
415.81720629143285
414.82451848600874
414.2178373480697
414.0347832882744
414.0313276360017
413.8863454329239
413.4955316790307
412.8354530601464
412.81446063214
412.68193887166035
412.6226724749987
412.19280151589066
411.9076932548455
411.8043349276792
411.7054355645912
411.39935796434554
411.3404093982052
411.318463174823
411.11522037988357
411.0782785911607
410.6503501194776
410.24995208773043
409.8244758082392
409.8142291106168
409.70811604485345
409.2674608490611
409.2660400829892
409.218650747536
409.0191476350335
408.73990936509074
408.5877845257528
408.4750370731957
408.4241533339523
408.3367058409649
408.21487780184054
407.90591788653205
407.7787713090894
407.25945251509233
407.209386210242
406.8659182511125
406.8481193376301
406.62299663114754
406.18840852987717
405.84358094022707
405.83972382172453
405.81982010290903
405.63042758937956
405.5801499965837
405.4845202961345
405.4225281348123
405.4182655195722
405.1106102915204
404.9388656712358
404.6668544834977
404.43254489193134
404.020275311021
403.76227205250075
403.5150474628922
403.4916495972566
403.26684281938753
402.73518269087833
402.44852502873243
402.101213871
402.07397537962095
402.0291456604963
401.94722310658665
401.53870476269867
401.05947546783693
400.98630287177764
400.9183810721489
400.8267892026237
400.78609593814804
400.0517675339479
399.9260845300754
399.81153295066565
399.44425417153684
399.28403330775245
399.0636226109816
398.9502507215625
398.9413152624842
398.75432258171213
398.6800591492454
397.98286430283997
397.9810263790955
397.93423384780203
397.6033305659348
397.43365480226566
397.34445429095047
396.9717005238217
396.60636148678384
395.33100951686924
395.32157662824454
395.23605299707936
394.7298431401823
394.3597837403271
394.29277957371494
394.0142044471172
393.8643452204374
393.71971778499153
393.5991099601415
393.32306920652104
393.2795766221245
393.20985171613074
392.92962855444114
392.87849804392533
392.84954910631905
392.6744025102139
392.2031253243646
391.81368857750795
391.7538356843676
391.3466799760349
391.33324571400067
391.30154603657184
390.4396909564656
389.85792686904324
389.7218019296605
389.65993630749927
389.46322564662944
389.42019608980513
388.80334638397835
388.3982540481162
388.3803767166803
388.08307996598035
387.4201477874633
387.342707735128
386.92505811281956
386.5307809734619
386.487044104343
386.4467919151881
385.66250377593747
385.52776409811304
385.46051173169155
385.4518869702762
385.42050690384247
385.1542370715174
384.8795816350756
384.1119204006901
383.91991898113383
383.87834730354916
383.7189001910642
383.29877363196783
383.10995541435193
382.8075842285564
381.86804029541327
381.74512202710014
381.552786405995
381.4032109799181
381.28536008242713
381.22937564759764
381.2238405092734
381.07214077563765
380.80765684438177
380.8044544589002
380.72019444659963
380.3107328079293
379.9825900599096
379.0963054001885
378.87009678637537
378.8103057921678
378.75791139185594
378.60998930930566
378.53856194295713
378.31578042655576
378.1916953302963
378.1282380533469
377.59031715579215
376.89610877620964
376.79116872331133
376.55529305495725
376.5249498166663
376.46837697678234
376.4357845612152
376.06068452657496
375.72016226945937
375.6898228651613
375.3308152702738
375.22520122459457
374.50799571985647
374.07028404342645
373.44188474433975
373.36540911801217
373.21208069697934
372.97502295594745
372.74295289644306
372.6011887795064
372.57662713679974
372.47043808629667
372.2214218195122
372.12657392356186
372.1197930617453
371.73064592287255
371.6132626704069
371.1294711287933
371.01287270295495
370.937670118902
370.1278698726387
370.0938417553358
370.0078442064058
369.43872471432053
369.02827309024826
368.90102771980025
368.45851767510896
368.0384133049754
367.9873431889181
367.8946553653726
367.2963138574901
367.1084833136598
367.0287287633464
366.73959031921925
366.3638857080316
365.8843110241852
365.6513352108434
365.43913064897356
365.340335101062
365.3162992570087
365.14627322969875
365.14535623401866
364.83954063485294
364.6252526383897
364.2733652977854
364.2457028820701
363.7935464867526
363.61986023934287
363.0668110211202
362.9413197910561
362.88589745484023
362.8396055268779
362.7812119802445
362.73009494903124
362.39800539274404
362.15436540896667
362.108451876324
361.94374260024415
361.5167274808575
361.4178925725348
361.2721334846059
361.11010863032345
360.78175902236615
360.5263523428006
360.4206196681371
360.3895750819603
359.9564952388258
359.5364793660144
359.50739688204555
359.32736160391573
359.24798076465174
359.19099758922016
359.1462393845047
358.7424648831475
358.4402860873606
358.1899302482344
358.0854793803792
357.7616905147289
357.74886290713937
357.4298348354614
357.2512054581688
357.1844469127126
357.09093801671474
357.0423053894707
357.02096642670585
357.0070055200258
356.829512102326
356.6949807467993
356.3035283044676
355.97364268771446
355.8920183474487
355.8325764984255
355.6312961585561
355.572042393959
355.35476648727183
355.2339217782968
355.17663032914425
355.1143109658028
355.10941038009616
355.0919442030711
355.0716135865829
354.45584418062253
354.0833198136837
353.85286728926167
353.8367871880914
353.6587218917083
353.63237693640656
353.53875886919457
352.81548369815334
352.4938066971232
351.6912304151174
351.37570476733254
351.178977932629
350.65328349023423
350.3531757178524
350.2893479528731
350.26353576852944
349.25994977892776
349.19023325385456
348.80270634511487
348.5033538141141
348.37094388735045
348.28510829667493
348.18917494156744
348.14957873963544
348.0343947916356
347.9985882907429
347.91702396871926
347.6139818544016
347.34519917778323
347.3052879389503
347.05568978939175
347.00886581841974
346.8591541421432
346.8131185210001
346.70639353256865
346.4486419542051
346.38239732900274
346.281370950107
345.55358209789836
345.0388769052835
344.40762658217955
344.20889100636873
344.1877421631302
344.1537129063622
343.6884740919711
343.5366878158003
343.4230254148947
342.8159483325268
342.42816645860694
342.02208556142955
342.0147106216991
341.9555866543757
341.6496204848438
341.62895938044073
341.61148566016413
341.4211130024372
341.07930788474096
340.91990280038283
340.7304914166108
340.4409341114973
339.78013841992174
339.60826262527314
338.94249572047397
338.7155586986239
338.37625983848
338.24279742538783
338.12975057333483
337.9320505812058
337.7875461532591
337.6646522513241
337.5825065023274
337.4214166488423
337.1712888687513
337.1025217459925
336.6507979124575
336.6281822824767
336.6119570058453
336.519130432009
336.4783741229211
336.3561342059147
336.31851821039265
335.8789534796589
335.57402289070194
335.54989748880007
335.326729495982
334.9783070565941
334.6159376507703
334.5961178542775
334.3458197032712
333.6071129532163
333.37007577660574
333.29350792542834
333.1136291730613
332.7296130402975
332.71816699758097
332.70959339410774
332.6681850585817
332.4484944387557
331.9805864670424
331.57283557447636
331.51143853180065
331.41177132889936
331.4046801266637
331.3352256739561
331.1387007334449
331.03713357749746
330.8583089565393
330.5166155196481
329.94600148253346
329.93457988909495
329.861842243962
329.80034359475746
329.3612975517385
329.1521578579218
328.8945705277457
328.67000347681403
328.3953546547997
328.17872562635955
328.1106636600057
327.88791512233354
327.65986161614
326.33436043813583
325.8380786745091
325.7369919747056
325.6426173562819
325.4562419322243
325.38070116645827
324.88495094527855
324.69911952815573
324.3075581708533
324.2936052393253
324.2204025757501
323.87324604060154
323.73913404849395
323.66654336516376
323.1988857239155
323.111491370302
322.80646760963043
322.2196986439766
321.85415549015795
321.76468758766805
321.5962285431244
321.2909832513071
320.6308080659701
320.5264954456321
320.05696817319586
319.6702072774582
318.9177877962769
318.840168159177
318.8114062777189
318.4876693105799
317.8848553505959
317.82569638490804
317.4360537759213
317.09904484470337
317.08476345172346
316.9621679275634
316.77449277510846
316.37818606313806
316.0248009324466
315.8063147259945
315.54595984738785
315.3401554049133
315.2846912654794
315.24000088764046
315.2093519993515
315.19771829651154
314.70055807203664
314.5638285204567
314.46311096045497
314.3273812113872
314.2700910344223
314.26319583707095
314.2240651406863
314.0668941579214
314.06005441146283
313.99106676464714
313.8351976578708
313.6919612469253
313.6798829856075
313.59748028530396
313.4811639079493
313.27611031355684
313.09031634090536
312.4075235513591
312.21813745891336
311.75884307065223
311.2441840551294
311.09821635899925
310.7408649277793
310.74027542988426
310.33967630682923
310.11158950652543
309.96369761480776
309.6925852250115
309.60898834429247
309.5644934150466
309.3374939583124
309.23543208361605
309.1970371406669
309.0919097945258
308.9768410315994
308.8372541280652
308.7934934012786
308.78320935902684
308.69434359700847
308.6135070140648
308.44563003039116
308.30180944413337
308.27895495090354
308.0461121213933
307.912731392748
307.810303939188
307.7771665565368
307.46283542241565
307.420033186562
306.5389962221732
306.09890929723554
305.6365285866814
305.5336829541968
305.2861920158816
305.23103021259635
305.06335970294674
304.8247657417975
304.6311805843925
304.2983956823655
303.7565141515538
303.6832138148708
303.65696263474524
302.9676466581151
302.9222518953727
302.8374061968319
302.83410992823997
302.6615242981402
302.4169178254905
302.376818332173
301.9125213554645
301.69808928289376
301.6022927979451
300.8923056134512
300.84180122489033
300.3206330922168
300.0490415846284
299.9957549209513
299.9603034516216
299.9245211126811
299.540060154261
299.38023362009426
298.6216052795388
298.5215432238049
297.75162098711735
297.5694333838467
297.4533293127432
297.2895887805894
297.15578278949397
296.765150267937
296.3211859319457
296.3186704923138
296.0319674745383
295.9522204633755
295.8485602826248
295.83992591555136
295.76138364259737
295.74646737122464
295.64509905878344
295.6202920402425
295.54157336840376
295.50822349479915
295.3148612484986
295.01251929323575
294.9960838666366
294.2194858165126
293.84760320913597
293.5253951218749
293.3947697494185
293.389124216195
293.26687850083476
293.0621637934495
292.87397180524476
292.50718952816464
292.16928589188615
291.840679693561
291.51227630083235
290.7659738287382
290.4254684262469
290.35353751321804
289.9901119356682
289.93407841887733
289.90178472762193
289.34587247501486
289.0477991247542
288.77572476010084
288.420356812461
288.4192297635558
288.3365086672811
288.1236984008274
288.09462279329387
287.90620897985593
287.73582367214533
287.64803769744185
287.5861013956054
287.28054822807144
287.10691079096523
287.0384170691792
286.99288366990174
286.9847650415642
286.8169765600486
286.49684850923836
286.36840138900595
286.20066480672165
286.016954027835
285.9483841014586
285.4985015618141
285.2841829744964
285.1055267437458
284.54363007946006
284.5150500718197
284.47001504378125
284.43507364424624
284.27121464579284
284.02294350606485
283.83576653644
283.789376143606
283.7821974522136
283.49258241444693
283.329850642961
283.26197969809414
283.21682999859195
282.894479479402
281.9728149435458
281.762286613054
281.49795825650176
281.2700932902958
281.1301917516265
280.99851060640856
280.59354627714663
280.2571723927074
280.1813803659812
279.8810397720881
279.8629998683375
279.6745842882784
279.67143328280565
279.52337374133583
279.14821842948265
278.81448804900776
278.75837899858846
278.25608852938615
278.2016812087371
277.99108606930474
277.70070614861925
277.66916274936955
277.626475623758
277.478404851659
277.42663682493435
276.69884009919156
276.27642191567725
276.05867667670816
276.05215716064606
276.0235694508026
275.92933263077646
275.5395507066927
275.5331053452504
275.45048342146094
274.6622503317408
274.5048876585347
274.5007882134944
274.4277782469994
274.37731133810803
274.25230405513764
273.5697915377407
273.37429189789657
273.36013443511945
272.6801640634018
272.48268407392163
272.4654341659648
272.2337109223283
272.0127719960583
271.94210338482947
271.8236220583335
271.7128318989912
271.5602912857772
271.48215614092555
271.16174096661507
270.45977301889513
270.4410944287614
270.4215267066985
270.3008352972678
269.85159608637946
269.4838160259068
269.26831075237
269.1936585335775
268.2191766003016
267.7859898167263
267.7678122373776
267.2550857854586
267.173325461604
267.10865885560725
266.8130449481864
266.6176976969483
266.5318577034807
266.44815484182993
266.1569526805796
265.7014609160864
265.3644930402802
265.34757570372767
264.7603829744546
264.7227435702267
263.6651129494145
263.45550574798654
263.2467515313534
263.0392999187733
262.94063662723704
262.93233653876234
262.74633650529165
262.4494385643851
262.4315833990172
262.41320147632734
261.90790054002673
261.34183737841033
261.3031530841836
261.0584120039159
260.99426337375337
260.87514153292886
260.6353873069588
260.59961982906736
260.24057359636424
259.7432350861461
259.6602902089372
259.5355437389459
259.12266211707083
258.8286153950029
258.7328522194248
258.69418025782056
258.6537095695775
258.35654388053695
258.23200723918865
258.0259633793115
257.9161145523673
257.88749651082696
257.5856678452251
257.1555466948945
257.0977569311922
257.0932625083907
256.8190472028805
256.7780954139804
256.636889820993
255.92524390729193
255.7328084788951
255.69326746001673
255.68313568557983
255.26519984089532
255.03100133427085
254.6288818019881
254.56309411790141
254.46434151098197
254.26437568617223
254.1776071376388
254.10977141744058
253.94390738359903
253.63329910724258
253.47787942237017
253.26886255963507
253.12925840716287
252.96994815566052
252.94552575921364
252.82217771084447
252.4529457630573
252.44195667340318
251.9091233950552
251.50517076928304
251.48969178177128
251.0341745324829
250.79274880498315
249.7977813637367
249.37923181196538
249.1966993026548
249.00162223003588
248.77364035838684
248.76100640806976
248.73095819982166
248.66123732972778
248.17620851821266
247.91735458656842
247.89051175021484
247.79181509099976
247.37296162997688
246.49041536140123
246.46122707798065
246.11634633399706
245.5982226615008
245.39258481927675
245.30138225279927
245.2523766511141
245.17567461020974
245.10184509053283
244.87492627245263
244.38379479974913
244.31593514480846
244.15965612866262
243.94743024770264
243.7350639128764
243.70473449180372
243.69903180891333
243.46303903801913
243.200453961491
243.03271824724413
242.90915894401996
242.8211310119317
242.6520910304023
242.51477220359448
241.15393558030007
241.1309410348931
241.05412711708163
240.8277550550223
240.80714940120106
240.59779980895303
240.53907955686884
240.26090582254108
240.109143184412
239.94566942601875
239.85987273373087
239.53136651221064
239.48573417750106
239.30946036761725
239.13228594291195
239.0696619435313
238.58597894031175
238.36278464203713
238.21901087250478
237.9127106383943
237.78957834554024
237.19243829249694
237.1490198728793
236.8188701053731
236.74059806466937
236.49094913389808
236.0933324493218
235.73065246294811
235.72913180640035
235.5575630443309
235.43093124168456
235.36522613081763
235.29197996106268
235.1072543527671
234.8004996203324
234.62803551189722
234.51362668228603
233.5091913253798
233.25557040540593
232.87188275228766
232.550785669957
232.48016893997294
232.36451776492095
232.030264675627
231.93044065476306
231.86761860800777
231.06847227100104
230.7977808408026
229.90889143373386
229.85368177654902
229.3473929582608
229.22491446669721
229.0285462324706
228.87829262174478
228.36601800596475
228.29007888150056
228.22188841862157
228.13354108934743
228.0270974557443
227.84568497460305
227.83689043470406
227.52543719131234
227.3961464555232
227.39404427795876
227.37923308991094
227.33110997375513
227.2944634083807
227.24223459212817
227.0927753370362
226.14650866370653
226.09968385620846
226.09592433765295
225.96594223536897
225.64384015384735
225.61382376269717
225.39182029201118
225.35879105628953
224.35452223781283
224.30702434591922
224.10741429668587
223.85451164466963
223.80313099700584
223.7881058304913
223.3449525366625
222.74419666982692
222.62053322542772
222.4441612540095
222.19980609610525
222.10465410486813
222.08223146959483
222.03156732932416
221.8983210197149
221.81943578481128
221.1517308879629
221.12022575322771
221.05436911691856
220.9906478003777
220.40978683846754
220.10454027020887
220.00858191352938
219.93450168854122
219.6513211684197
219.6267485482848
219.3735197515348
219.2694973537633
219.14379753336289
219.1123175629051
219.0938963677621
219.08489394522474
218.9941567139416
218.83809210165316
218.83578999402448
218.65640147593513
218.2081663042303
218.17952506732388
217.94283896835043
217.92829264712577
217.90228019780534
217.32663540650947
216.661152320292
215.91376552828217
215.7287497753582
215.5360341523782
215.2960448702545
215.20069547079663
215.1180449942866
214.92621192984825
214.3908774092804
214.0993996504077
213.61387745159027
213.40591399898847
213.1154534138766
213.04738626486858
212.844217628686
212.83029794263905
212.77416242525112
212.6183214685517
212.35646369410063
212.31599113595178
212.24177594651633
211.89728662221285
211.69340320866218
211.65517899501322
211.61814963959682
211.3862112725509
211.3458095516586
211.29952243762511
211.14320316240025
211.0696431563489
210.92510848063637
210.92032545644554
210.88426906379175
210.80341275139085
210.16784690431484
210.07841548579086
209.81880957583553
209.76700746671236
209.5377087547539
209.41573083034154
209.26041921115734
209.21680423246767
209.1678587623253
209.11803750322576
209.0312542006384
208.87423135371694
208.8524259590772
207.68863282435143
206.62918150718008
206.26527375834473
206.16040920305966
206.0305319704654
205.99524189991268
205.5467169535849
204.89071011266515
204.32384764161725
204.3205440218394
203.9247656232592
203.56695317035553
203.5596930766394
203.41802536567297
203.4011582141958
203.16530753754307
202.77016456269837
202.64147289555694
202.07991830283856
201.76403593189673
200.75745785614743
200.57965896620522
200.27758299424124
199.52943255170635
199.31206281457082
198.17552336843391
197.87817222538536
197.37149547687602
197.3341834008164
197.30096742270075
197.20994758659037
197.1641923139946
197.04979286997184
196.97634662210237
196.78407107894054
196.51749479676937
196.35577990551565
196.34119777690626
196.0356133303461
196.03358424472992
195.81516651729657
195.56132440631404
195.5140439493888
195.466994958839
195.45648548180907
195.0842123295755
195.0826729499098
194.71998136590935
194.627642135217
194.60531882601344
194.29788652052684
194.22120207442435
194.13445207379436
193.80413047375146
193.36146612553773
193.29863125104134
193.26285277922193
192.81720097869731
192.43682625863414
192.1509073716686
192.11858586668473
192.04772278017447
191.99427182798206
191.40731557571905
191.37027627465136
191.18002748045865
191.10496767401014
190.81417994308185
190.6635561855246
190.4835688895547
189.90263737045996
189.6910445761539
189.63957373532855
189.34398650373578
189.2994570167633
188.9531786965647
188.86848249928562
188.720476060108
188.68448961456716
188.50112116518426
188.1011127094289
188.09811612999192
188.0402505890296
187.78636566078126
187.4486027270034
187.42822770950966
187.00589060460618
186.9554172952685
186.7870778191275
186.67945100138957
186.66850360404942
185.9339111110785
185.84083752007882
185.8155172767465
185.79853303379753
185.58190588693913
185.57584777886802
185.52400680233484
185.4107681205778
185.34287086585493
185.13046564070135
184.86983969734354
184.75303234541298
184.72055590167065
184.6990214730581
184.40645649675002
184.38137260981375
184.30397389834206
184.22531340970613
184.00861334990805
184.0014215795867
183.79625643814893
183.63636428846416
183.437937094703
183.31814516601116
183.20893829810245
183.0314008934091
182.03987470911989
181.7409743084246
181.4498369276463
181.30849082969564
181.2159186456845
181.1947206280372
180.4957613194979
180.30995658774054
180.16930299455305
179.6190587653648
179.43113616700236
179.38247536583833
179.2819747633747
179.26728581833459
179.10708817554587
178.628287082817
178.61916048118792
178.54890489737897
178.35043521759894
178.02280914694086
177.9358386762524
177.89957992326413
177.8871603402406
177.49565952195326
176.8777478617243
176.85787434548877
176.69880869351448
176.63943894716044
176.5083733381133
176.30500167146783
176.2345140944186
175.9508511708268
175.8781256066884
175.72350394014893
175.7087790922983
175.38720020240817
175.33850073875692
174.37675251830206
174.24800092687155
173.8932447173263
173.6191064336822
173.46389413379302
173.40993122749092
173.36575462481937
173.24760057924232
172.97942544377315
172.9097140453905
172.77523764779494
172.76970501148867
172.6240533417033
172.3448809130066
172.05776940215605
171.70732643435713
171.62281215563985
171.54682242024614
171.37892307590027
171.37455495260292
171.35957061257477
171.24158640485257
171.1152581121171
170.85119605819364
170.287176282392
170.18378979075987
170.04539048897777
169.8428153578202
169.8078709110298
169.74739704766125
169.691476282778
169.6230639928392
169.56248226313937
169.44701912827372
168.9492080282905
168.92754671440503
168.64729793527295
168.54370140274114
168.49711483785313
168.1340952094224
167.87181726489007
167.85043329067685
167.51401384911037
167.33957830954455
167.28611870254826
167.18944280472147
167.00447842479048
166.83172994599386
166.67504062069452
166.37002166537786
166.24250201331483
165.9595505923146
164.38687101862
164.32618239208364
164.05602760156648
163.43473403787334
163.43032698973684
162.97221137550196
162.6469254577337
162.35915447078492
162.21093561049452
162.1557824022525
162.08583761147156
161.87722049500508
161.8077627991354
161.61078748120008
161.4430653416
161.11584021267072
161.0897093663027
161.07818540616677
161.0621516106255
160.68394354334282
160.44727604242826
160.26547383296793
160.25582571807104
160.050906828473
160.02631270205165
159.56678581772803
159.53151455693092
159.2690721131553
159.25096127641814
159.0255492302315
159.0205262980155
158.55495523135346
158.45301428683047
158.45172626908698
158.38141969357025
158.11356774151795
157.79214671953378
157.1047202714201
156.99991395770644
156.8369247947171
156.55032191664986
156.53044665497941
156.4109188918801
156.19011428244085
156.09002469796678
155.87173555281242
155.42066191681738
155.33466623395157
154.9354824539614
154.57558538038643
154.5186920702438
154.48569272834698
154.23998803772338
154.1304913561537
154.1127077389965
153.65739146747683
153.63371085990002
153.1880412429582
153.18711869622234
152.78657928964026
152.76562391827792
152.74199720331535
152.3388390085388
152.32254180278528
152.05562390226555
151.9755218512728
151.91244197922174
151.82572483065132
151.63132877696785
151.44835590165985
151.28853235539736
150.76640146018735
150.18618321755912
150.1614940703455
150.1531602180869
149.9428897199573
149.42518959533822
149.02139995193693
148.83407738085316
148.71260662118766
147.53079581948623
147.1727545489025
146.83446969245324
146.6723956697101
146.665594751737
146.54272104845768
146.11887638545113
146.09444181716526
146.00539479974987
146.00075678243888
145.7994411177326
145.56450106497255
145.55544482314576
145.51526222611483
145.3787289469076
145.1564364033468
145.09929771855764
145.06389647244214
144.97941544606124
144.62753215744874
144.0960911198756
144.0675967731438
144.05438378868234
143.9268415015256
143.82152479659567
143.44130019179624
143.35934836774663
143.12543241227831
143.03249318016674
142.602703707199
142.47267021558105
142.342535245725
142.03995657151654
141.9875540264552
141.7318896430777
141.6061260325248
141.37351881260156
141.12699508680294
140.83652614899984
140.70406266870373
140.65623019666828
140.52074688355924
140.32470803502156
140.2687141764793
139.3337759362987
139.21885651724915
139.06269664586125
138.59966974500253
138.0900210123682
137.55066762385104
137.49504488102707
137.3845089619549
137.04350429573856
136.75575192134647
136.67913318550313
136.51962884255477
136.16710157288594
136.0665472572598
135.6518141479819
135.61375429530176
135.4876180670651
135.46848148869208
135.09819452090187
134.8624198820978
134.82566640544474
134.72566638253807
134.68745793152607
134.6524813025751
134.57114852032373
134.37441229857473
134.22261523123325
134.09672152937674
133.7494950941491
133.60889816280132
133.5998961654443
133.53424423221577
133.32240591479558
133.2504043987285
133.09970007967104
132.64906447321664
132.58234805892198
132.12182873762708
132.09914456823526
132.0793710755995
132.03245897220472
131.55232367124677
131.32561704119257
130.9791062809877
130.68463682851552
130.64860230941622
130.54529601759555
130.19315519595102
129.818445773775
129.62535401749165
129.50738210212398
129.18855843906954
128.6323735032347
128.6311071270461
128.48991952715028
128.46317937884305
128.09408499783012
128.02415958428355
127.90837409201549
127.84254825292555
127.79419731304688
127.78599458158214
127.78449078133463
127.5350940360886
127.38662373935153
127.36245020154865
127.32596477384504
127.26194998988785
127.21967280334138
127.12205972962147
127.11886081709781
126.80692524026563
126.73372975521443
126.23402181343204
126.02604949168926
125.9492481117527
125.92252291035925
125.78283402620377
125.48023638195309
125.35353912554092
125.23310320147607
124.73247198939771
124.36184100635433
124.03214756484476
123.80190208337604
123.77718990280141
123.7186934241347
123.59016478783087
123.56781270622491
123.46682987082409
122.91823654167001
122.79780786817469
122.7121275380025
122.5015752910233
122.36137442975837
122.25620361469419
122.00844807937756
121.90621716144028
121.53547013056368
120.92275038170351
120.8646209831802
120.8250721464185
120.79439334939116
120.75669952239582
120.44889081813994
120.43381478714991
120.07913718964573
119.82563399255991
119.23612596819817
119.23275109315159
119.22937718918001
119.08216990940173
118.84582635236052
118.75792756420242
118.70551700727515
118.6784133562162
118.04665172183763
117.90126076851561
117.18173857723286
117.17899162407411
116.93869337392334
116.87170384712158
116.63529604927066
116.42884129601998
116.21833550657266
116.1064382405034
116.07007373721922
115.95312058506465
115.67791167756468
115.48453048110605
115.2392383480942
115.14043431025402
114.89588978871757
114.80135664751879
114.6266232320429
114.47204465233722
113.96125200377651
113.08143485812093
112.89480479716576
112.73348404678518
112.6109435593271
112.35313227836878
112.3153073671931
112.10135202199308
111.66259537412111
111.46401593501764
111.32066466591095
111.3130064175075
111.25252482705378
111.1950628929585
111.18429912508827
110.67659263671044
110.53069195424177
109.7532213471984
109.65107525782923
109.6390582855006
109.60915641244128
109.25767538294144
108.71587629788928
107.47452955760195
107.16136924449052
106.83234592077292
106.75033345029783
106.47030587261906
106.38772409189642
106.23548613176217
106.19891549300337
106.17773088771355
106.08950263405632
105.94848115528976
105.60460827655606
105.51886537919654
105.48441280478755
105.3981504901949
105.38051417061047
105.26425601957885
105.08913665171076
105.07229624486672
104.97263985536665
104.85090365616156
104.69845547100067
104.6393443505658
104.40467829604859
104.31520204460003
103.98967437154965
103.72692656794402
103.69609870553836
103.68876950455751
103.64962967301972
103.6141842895072
103.05229549582987
102.90055309237027
102.76122258317628
102.73615853357046
102.5679922433103
102.51919774047337
102.48636852543564
102.44931764028229
102.4045128829789
102.25897540790106
102.1793326312777
101.54407569963541
101.14670804005573
101.10493757713243
100.89927230994522
100.52453205396364
100.5086151436717
100.28595890540919
100.0326135765963
99.8497927337919
99.65777701140746
99.62835719673785
99.56532854304965
98.93194866727845
98.89705306216956
98.39365922120942
98.2092476156115
97.53536714857705
96.75854859912579
96.35726076172864
96.35374094386498
95.77087834143458
95.57394071719546
95.45794754659983
95.20714776522436
94.82500773178435
94.72947348488015
94.5031996312207
94.47294119512048
94.13395719801179
93.99780613569305
93.3966374715551
93.38014891610555
93.17685514190316
92.97295227503037
92.74496167766324
92.28968137775473
91.99568815281077
91.72659126687017
91.25015522790477
91.14391547017544
90.7879219544318
90.58977618067502
90.52802604306794
90.32716653436637
89.24593730973652
88.74186898431367
88.32552728005612
88.31190320062638
87.45335504748982
87.25791046238282
87.13347035409811
86.48548482543924
85.67880908532561
85.48865909802225
85.00048976863877
84.88617374102432
84.87860529871955
84.77710730495278
84.59142503418161
84.58070833182182
84.46802992287803
84.3839462129306
84.29695504838674
84.1765184558551
84.13096218743453
84.11255628012736
83.9855580286428
83.89140485440453
83.89042184895379
83.88983909768444
83.52864979562742
83.49676159551927
83.18172363152667
82.92622385685809
82.91753412408661
82.58763284601127
82.57799992526134
82.39954605679782
82.39551379073964
82.34323654022796
82.328805281742
82.07880281659732
81.95542292626601
81.86413776503764
81.75675127389741
81.5407133670833
81.3965066566509
81.33862418681747
81.07965441387933
80.84393695998983
80.62405082201894
80.60619756117535
80.12413249098995
80.09890492332147
80.07304029451257
79.79272485205456
79.66594074597151
79.51685748738305
79.41963389094826
79.4174215023254
79.37579167700596
79.2242779773535
78.99650919509668
78.88982316560009
78.77364668226414
78.71839904071157
78.40568380988884
78.17333933378791
78.16222384594676
78.15561415066577
78.13079252266357
78.05115441541511
77.59747865747545
77.51895721406572
77.37730906769684
75.90821852826025
75.69538274018578
75.54824687448013
75.51674974792763
75.09500921371227
74.96932617340804
74.79023685767402
74.53144872740268
73.94901123810587
73.91946839756042
73.86532020549248
73.77733187193485
73.39848862552208
73.34283482012756
73.27144422207607
73.25052224145384
72.93901548003828
72.57413881648017
72.0565791862739
71.62482840976236
71.52744059926636
71.40823238637336
71.09826460197905
70.85519363611138
70.57152937018463
70.25113934791693
70.19002733176058
69.68278982473998
69.18441446954398
68.98354071238145
68.94298277082203
68.7293196952071
68.05619920581034
67.74157866569294
67.3102209616768
66.84988079251184
66.80428704838914
66.48053044801077
65.98024948451234
65.6633524073693
65.51843398770825
65.08914344798745
64.95876731723115
64.80218158482194
64.69849178717527
64.61190604869648
64.13998220831945
64.09375700867236
63.871538989375495
63.12160995639351
62.69760329197129
62.51965179730246
62.12483721257172
61.97408182791901
61.856584514175665
61.82099096853767
61.784683988066035
61.37334759263035
60.976130570093574
60.92514560544714
60.90746924391851
60.876614744910285
60.0517813636211
59.92059757968673
59.872052197903486
59.82434159755394
59.73715614433149
59.59511477568003
59.57991235817144
59.41836918363447
59.2245246547468
59.042242480035384
58.91973700840049
58.83558243498601
58.80387537837396
58.79207161566501
58.78372271890498
58.4752209852154
58.45099716353434
58.26144290481875
58.162571930102786
58.020686544921546
57.950558299191016
57.42002533143568
57.38567725858411
57.317116537177526
56.90277495550686
56.394702611844195
55.985550281716314
55.48674839646037
55.342308666909275
54.924208396261974
54.8998758220755
54.72498299070503
54.33320295549015
54.18729980507737
54.17010155034268
54.11547890072984
54.03743160470003
53.86622261017601
53.7635104268295
53.6914918947632
53.16083234844268
52.90391506441779
52.61606299136611
52.517584442617135
52.46135454464934
52.30322905935577
52.15088141857427
52.012029638241074
52.00756084856016
51.98993279264005
51.756293462784015
51.59991540535748
51.48170567579564
51.08382234341866
50.94207108405931
50.78082109804336
50.6772204732174
50.58348707877849
50.32527455273021
50.316562886406246
50.092153008863534
50.082998287460214
49.81326937824997
49.68936694263061
49.07409298660605
48.86511817456426
48.482566407258446
48.236137251233686
48.06452541905446
48.02592849949838
47.92065182662009
47.815766365223226
47.79593518790375
47.1726361669173
46.8223932554431
46.684387156104776
46.680568271251786
46.59083814870519
46.42409638694676
46.124978996662094
45.606903379533605
45.54224141162172
45.174474032464104
45.14932662576348
45.096059215694595
45.04118096909565
44.885605295703044
44.823755984468335
44.74351833588685
44.328182398009176
44.2652936615973
44.25756714812587
43.880614649253175
43.81668160107324
43.723930466932416
43.23513141261765
43.039679645588876
42.9358723769933
42.77380237864941
42.752557080787255
42.5573728155689
42.50549682264409
42.408548675694874
42.11471085418839
42.10058648839549
41.82793162532312
41.774547561777354
41.75375383744972
40.79594870896926
40.03333281043274
39.68090103420627
39.66437533041176
38.7134547016874
38.42777210064901
38.12899205604867
37.85682124397954
37.67260802167448
37.52930226515923
37.42875608618533
37.42040847529688
37.36814204225243
37.35445165010697
36.837462263194766
36.804321494530996
36.67419736900774
36.53429107420811
36.48766263347807
36.25770985183772
36.06214347548644
35.84639803659252
35.767662519333726
34.57545190082283
34.37691410011416
34.13170175694472
34.083871275440515
33.9399219217928
33.78341098779174
33.03104188957036
32.94746229561406
32.752912065363034
32.59402111004897
32.48809385688696
32.41520751797975
32.24138928587854
32.08112478695489
32.018242961435135
31.75992073282964
31.421570930005828
31.16805180615711
30.586522637440567
30.56068922842428
30.483610146019373
30.4044159541686
30.215999090092055
29.976426949771394
29.762510754593222
29.66925285812181
29.58983726857946
29.57207670945718
29.473479173057967
28.93647598477878
28.646458382736
28.374279679540905
28.030717226200522
28.016905523546484
27.965052413514968
27.93934291228561
27.891769499411566
27.851881436372196
27.5731395542482
27.43057894411345
27.25074820090731
26.948566106245607
26.794094818525082
26.6361915059656
26.513401964003833
26.512486646667185
26.00862897773345
25.56883836934162
25.385402142542716
25.16391836011735
25.00276956204425
24.836429115875035
24.758053281284447
24.747212721049436
24.389378408083076
24.119478088194
23.74578613884114
23.283474805531796
22.993161997307425
22.98636353584925
22.801936705861863
22.667822505941103
22.469840448105515
22.381640893900567
22.26403991820257
22.156931703507553
22.118895452861125
22.04343630033759
21.662905690593334
21.088854552729572
20.94426736040282
20.706041690562415
20.44127157912135
20.179636885542777
20.174351906555557
19.97526812814135
19.954172861360348
19.931626163910778
19.921974122715483
19.793660150298138
19.683733962673614
19.470163133168853
19.419683206367836
18.992240731110314
18.17608077175123
18.150132203470093
17.699871510060802
17.622442036183884
17.304865541505706
17.12001391513968
17.047216749993368
16.83446947834841
16.802384453572586
16.748898805770068
16.5530094051594
16.14403334892495
15.995440705334431
15.847980573140603
15.754389001939899
15.702133550854342
15.033096470909868
14.615548747311777
14.289979393059639
14.051452859354185
13.971031175001372
13.842796140403607
13.796544253182446
13.763921858789445
12.86266986291048
12.691632639801583
12.424253650312949
12.071670379056968
11.880473196391677
11.606065819871446
11.475846219263076
11.32236985831696
11.239348218444547
11.06151122332244
10.845327867089281
10.835297089454343
10.827539175796574
10.757423597248135
10.723464702103229
10.711786226643653
10.701221700387123
10.621548481785794
10.55027859961956
9.714905775306534
9.66488588027778
9.563232700569188
9.528193192937351
8.655865302001075
8.405605538892587
8.377085531168404
8.197726511669316
8.173502150723607
8.062291915680817
8.002330721811404
7.914000055904353
7.875178242164111
7.7683096709922665
7.347874080157908
7.236937390074672
7.035489112645109
7.018671323595299
6.708225508911255
6.700340722649571
6.534258677274238
6.525213499754045
6.299473459227784
5.783816180217627
5.515915421577574
5.434565382085111
5.087269894272367
3.4935777929974847
2.9239821797982586
2.873175197461478
2.491618142888683
2.466126618911858
2.3122297329878165
1.7484434541138398
1.5341141759911352
1.4931207591271232
1.4644207948233543
1.3744881269146845
1.3545105233924915
1.292324877774945
1.0471128824244715
0.9196951730154979
0.38030792902009125
0.048310714142417055
0.018678856169799474
