0
96
199
281
368
455
554
649
743
840
943
1030
1125
1216
1294
1398
1481
1559
1633
1711
1783
1869
1974
2048
2122
2188
2257
2299
2361
2401
2462
2544
2582
2649
2696
2746
2778
2811
2877
2923
2976
3018
3069
3126
3160
3197
3229
3273
3315
3343
3364
3405
3451
3478
3528
3560
3576
3587
3627
3652
3672
3712
3734
3767
3798
3810
3840
3849
3874
3895
3920
3924
3938
3957
3995
4037
4050
4078
4112
4143
4171
4170
4183
4193
4243
4265
4295
4304
4325
4355
4384
4404
4420
4432
4484
4516
4551
4554
4550
4573
4584
4586
4584
4608
4625
4640
4655
4662
4681
4708
4720
4746
4751
4765
4779
4786
4810
4790
4817
4842
4879
4894
4936
4940
4986
4989
5017
5074
5107
5144
5173
5183
5197
5220
5237
5268
5285
5269
5287
5317
5333
5337
5353
5379
5395
5416
5460
5481
5493
5530
5544
5557
5575
5592
5640
5685
5695
5728
5751
5772
5782
5825
5847
5881
5883
5931
5950
5983
5992
6025
6068
6086
6093
6111
6138
6154
6175
6184
6201
6220
6257
6279
6299
6330
6354
6387
6400
6428
6451
6474
6475
6483
6512
6537
6553
6576
6598
6604
6646
6660
6679
